	d0_0	d0_1	d0_2	d0_3	d0_4	d0_5	d0_6	d0_7	d0_8	d0_9	d0_10	d0_11	d0_12	d0_13	d0_14	d0_15	d0_16	d0_17	d0_18	d0_19	d0_20	d0_21	d0_22	d0_23	d0_24	d0_25	d0_26	d0_27	d0_28	d0_29	d0_30	d0_31	d0_32	d0_33	d0_34	d0_35	d0_36	d0_37	d0_38	d0_39	d0_40	d0_41	d0_42	d0_43	d0_44	d0_45	d0_46	d0_47	d0_48	d0_49	d0_50	d0_51	d0_52	d0_53	d0_54	d0_55	d0_56	d0_57	d0_58	d0_59	d0_60	d0_61	d0_62	d0_63	d0_64	d0_65	d0_66	d0_67	d0_68	d0_69	d0_70	d0_71	d0_72	d0_73	d0_74	d0_75	d0_76	d0_77	d0_78	d0_79	d0_80	d0_81	d0_82	d0_83	d0_84	d0_85	d0_86	d0_87	d0_88	d0_89	d0_90	d0_91	d0_92	d0_93	d0_94	d0_95	d0_96	d0_97	d0_98	d0_99	d0_100	d0_101
d2_0	0	0.13483	0.0333066	0.0108855	0.00655023	0.012626	0.00944625	0.00313906	0.00370275	0.0110787	0.00224092	0.00660081	0.00661484	0.00170509	0.00203158	0.00141694	0.000343372	0.000561325	0.00101728	0.0100371	0.000351137	0.000466125	0.00597385	0.000147867	0.00140103	0.000454524	8.25982e-05	0.00106389	0.000127215	0.000914901	5.97101e-05	0.000594102	0.00530928	5.47499e-05	0.00236902	3.90868e-05	2.84718e-05	9.08361e-06	0.000181674	4.58001e-05	1.05967e-06	0.000688287	0.000216912	0	0	1.15546e-05	2.54705e-05	2.35587e-06	0	0	2.26043e-05	0	0	0	0	1.88973e-06	0	0.00461364	0	0	0	0	0	0	0	0	0.000346833	0	0	0.000343417	0	0	0	0	0	0	0	0	0	0	0	0	0	0	0	0	0	0	0	0	0	0	0	0	0	0	0	0	0	0	0	0
d2_1	0.0739267	9.37131e-06	1.2425e-05	0.000388901	2.28692e-05	0.000316237	0.00461541	3.5984e-05	2.37328e-05	0.000260773	9.68353e-06	1.2587e-05	4.48968e-05	0	2.35852e-05	1.60821e-06	1.28997e-05	1.49405e-05	9.31422e-06	0.001189	6.02669e-06	0.00102107	7.57119e-06	0.000213923	0	2.85633e-05	2.1942e-05	2.11295e-06	0	0.000332376	2.06656e-05	0	0	0	0.000556352	0	0	0	0	0	1.08156e-05	0.000702802	4.68909e-06	0	0	0	3.05362e-06	0	0	0	0	0	0	0	0	0	0	2.31523e-05	0	2.42056e-06	0	0	0	0	0	0	0	0	0	0	0	0	0	0	0	0	0	0	0	0	0	0	0	0	0	0	0	0	0	0	0	0	0	0	0	0	0	0	0	0	0	0
d2_2	0.0319837	0.00122212	7.85605e-06	3.48551e-05	0.00500306	0.0010409	1.81436e-05	0	0	0.000231925	0.00069213	1.91682e-05	0.000685216	0.000234555	5.44364e-06	8.10123e-07	5.01025e-07	1.31539e-06	0	6.62894e-06	0.00102109	1.10391e-05	6.80357e-07	0.000684442	5.98285e-07	0.000661313	0	0	1.95112e-05	0	4.41894e-06	0	2.02942e-06	0	1.21353e-05	0	0	3.40653e-06	0	0	0	9.29941e-07	0	1.61069e-05	0	0	0	0	0	0	0	0	4.60368e-06	0	0	0	0	0	0	0	0	0	0	0	0	0	0	0	0	0.000335387	0	0	0	0	0	0	0	0	0	0	0	0	0	0	0	0	0	0	0	0	0	0	0	0	0	0	0	0	0	0	0	0
d2_3	0.0110172	0.00024521	1.14603e-06	5.52253e-06	1.17381e-05	1.79385e-05	1.74054e-05	5.7395e-06	1.70643e-05	7.71891e-06	8.75319e-06	0.000362444	0	1.81079e-07	0	5.99362e-06	0	3.42346e-06	1.05348e-05	3.78421e-06	0.000227208	0	0	4.44179e-06	0	6.05233e-06	0.00464006	0	2.68233e-05	0	0	0	1.55446e-06	0	2.9496e-07	0.00035873	0	0	0	7.30091e-07	0	0	2.90419e-05	0	0	0	3.36844e-07	0	0	5.83406e-06	0	0	0	0.000664214	0	0	0	0	0	0	0	0	0	0	0	0	0	0	0	0	0	0	0	0	0	0	0	0	0	0	0	0	0	0	0	0	0	0	0	0	0	0	0	0	0	0	0	0	0	0	0	0
d2_4	0.0069874	2.36585e-05	0.00159901	2.26028e-05	5.47003e-05	0.000387355	1.47647e-05	6.81742e-06	0.000362549	0.000254923	0	3.71048e-05	0	5.42495e-05	2.72017e-05	0.000260879	2.59584e-05	0.000361554	0.000349846	0	1.49049e-05	0	0	0.000353818	0	0	0	0	0	1.03581e-05	0	1.28121e-08	0	0	1.11176e-05	0	0	0	0	0	6.34917e-06	0	0	0	0	0	0	0	0	0	0	0	0	0	0	0	0	0	0	0	0	0	0	0	0	3.84596e-06	3.52786e-06	0	0	0	0	0	0	0	0	0	0	0	0	0	0	0	0.000670124	0	0	0	0	0	0	0	0	0	0	0	0	0	0	0	0	0	0	0
d2_5	0.00454164	0.00104693	0.000363156	1.40265e-05	1.25827e-05	1.05709e-06	0.000346643	0	1.25346e-05	3.4703e-05	3.67023e-05	2.05664e-05	6.23478e-06	1.30946e-05	2.09229e-07	1.02892e-05	0.000356393	9.27661e-06	0.00513403	2.42025e-05	0.00101662	0	0	0	0	0	0	0	0	0	0.000539701	0.00460584	0	0	0.00460928	3.042e-08	0	0	0.000657821	0	0	0	0	0	0.000543348	0	0	0	0	0	0	0	0	0	0	0	0	0	0	0	0	0	0	0	0	0	0	0	0	0	0	0	0	0	0	0	0	0	0	0	0	0	0	0	0	0	0	0	0	0	0	0	0	0	0	0	0	0	0	0	0	0
d2_6	0.00388742	1.49356e-05	2.32308e-05	0.00158813	1.37952e-06	0.00106495	0.000235546	1.69593e-05	3.07846e-05	0.000247815	0.00516432	4.09474e-05	0.00120819	5.92443e-07	1.89437e-05	0.00494136	0	0	0	3.00878e-06	0	0	2.49242e-05	3.4582e-05	0	0.0049507	0	4.80272e-07	0	0	0	1.14961e-05	0	0	0.000657821	0	0	4.29726e-06	0	0	4.45303e-06	5.4839e-06	2.51663e-06	0	0	2.00197e-05	0	0	0	0	0	0	0.000328911	0	3.91671e-06	0	0	0	0.00495595	0	0	0	0	0	0	0	0	0	0	0	0	0	0	0	0	0	0	0	0	0	0	0	0	0	0	0	0	0	0	0	0	0	0	0	0	0	0	0	0	0	0	0
d2_7	0.00249663	1.17805e-05	5.28441e-05	4.1455e-06	1.77373e-05	0.00508194	5.66162e-06	1.12245e-05	7.12822e-06	3.43329e-05	1.24631e-05	0	0.00033652	6.31611e-05	3.86999e-05	1.41321e-05	5.02028e-06	3.0536e-05	1.18178e-05	0	0.00101166	5.91576e-06	0	4.60676e-06	1.22073e-05	0.00516322	5.49262e-06	0.000667143	0	0	9.93199e-06	0	0	0	0	1.54483e-06	0.000684744	0	0	0	0	0	0	0	0	0	0	1.27289e-05	0	0	0	0	0.000331268	0	0	0	0	0	0	0	8.81513e-06	0	0	0	0	0	0	0	0	0	0	0	0	0	0	0	0	0	0	0	0	0	0	0	0	0	0	0	0	0	0	0	0	0	0	0	0	0	0	0	0	0
d2_8	0.00443193	2.77583e-05	1.25144e-05	1.06597e-05	0	0.000364413	6.03979e-07	0	2.87384e-05	5.89123e-06	4.27833e-05	0	0.000657821	1.79356e-05	1.59357e-05	3.30524e-05	1.84928e-05	0.000253824	0	0	0	4.04404e-06	0	0	5.57108e-06	1.20407e-07	0	1.34672e-06	2.02414e-05	0	0	0	0	0	1.62268e-06	0	0	0	0	0	4.43768e-06	0	0.00033219	0	0	0	0	0	0	0	0	0	0	0	0	0	0	0	0	0	0.00460475	0	0	0	0	0	0	0	0	0	0	0	0	0	0	0	0	0	0	0	0	0	0	0	0	0	0	0	0	0	0	0	0	0	0	0	0	0	0	0	0	0
d2_9	0.0032722	1.80895e-05	4.17696e-06	0	1.75259e-05	7.4776e-06	3.10354e-05	7.23105e-06	0.000108318	0	3.61884e-05	6.23007e-06	0.000362404	1.89135e-05	2.43341e-05	0.00495372	6.637e-06	0	6.30412e-07	0.000217178	1.70825e-06	5.31786e-05	0.000657821	0	0	1.26702e-05	0.000657821	0	0	3.45676e-06	0	0	0	0	0.000674169	0.00396868	0	0	0	0	0	5.07912e-07	0	0	0	0	0	0	0	0	0.000197346	0	0	0	0	0	0	0	0	0	0	0	0	0	0	0	0	0	0	0	0.000136592	0	0	0	0	0	0	0	0	0	0	0	0	0	0	0	0	0	0	0	0	0	0	0	0	0	0	0	0	0	0	0
d2_10	0.000628497	1.3249e-05	0	3.14957e-06	2.02043e-05	0	3.24147e-06	9.29002e-06	7.13783e-06	3.18123e-05	1.44103e-05	1.99331e-06	0	0.00498549	0.000555052	1.17354e-05	0	4.04757e-06	0	6.27776e-07	0	1.23679e-05	1.74407e-06	0	0	0	0	0	0.000536101	0	1.31071e-05	5.55977e-06	1.60002e-05	0	3.81695e-06	0	1.44791e-05	0	0	0	0	0	0	0	0	0	0	0	0	0	0	0.000544816	0	0	0	0	0	4.67864e-06	0	0	0	0	0	0.000346802	0	0	0	0	0	0.000339494	0	0.00461474	0	0	0	0.000657821	0	0	0	0	0	0	0	0	0	0	0	0	0	0	0	0	0	0	0	0	0	0	0	0	0	0
d2_11	0.00145692	2.35731e-05	0.00461277	1.93983e-05	1.28145e-06	1.4244e-05	0	3.21063e-06	6.47143e-06	0	1.3426e-06	0	1.0708e-05	3.70032e-05	0	6.80217e-06	0.00101332	4.15293e-06	4.16394e-06	0	0	0.00122297	0	0.00123399	0.00120107	0	0	0	0.00098845	0	0.00496397	0.0046236	0	0	0	0	0.000991076	0	0	0	0	0	0	0.000657821	0	0	3.88542e-06	0	0	0	0	0	0	0	0	0	0	0	0	0	1.82142e-05	0	0	0	0	0.00067285	0	0	0	0	0	0	0	0	0	0	0	0	0	0	0	0	0	0	0	0	0	0	0	0	0	0	0	0	0	0	0	0	0	0	0	0
d2_12	0.00119309	2.18474e-06	8.82731e-06	1.0834e-05	0	1.2792e-05	0	0.000680967	1.34963e-05	0	0	0.000356437	0	0	4.35936e-06	0	1.02092e-05	0	7.96146e-07	7.65108e-07	0	2.77296e-06	0.00102575	0	1.45748e-05	0	0	0	0	0	0	3.23128e-05	0	1.04997e-06	0	0	0	0	0.000528141	0	0	0	0	0	4.07187e-06	0	0	0	6.84114e-07	0.00460475	0	0	0	0	0	0	0	0	0	0	0	0	0	0	0	0	0	0	0	0	0	0	0	0	0	0	0	0	0	0	0	0	0	0	0	0	0	0	0	0	0	0	0	0	0	0	0	0	0	0	0	0
d2_13	0.000514203	9.94056e-06	2.58924e-05	0.0053344	3.7234e-05	0	0	2.86075e-05	1.06203e-05	0	1.74976e-05	0	2.13685e-05	3.78139e-06	1.82195e-05	2.4567e-06	6.08732e-06	0	5.37864e-06	0.000539186	0.0010044	0	0	2.46022e-06	0.000364958	0.000159691	0	4.90735e-06	0.00101809	1.11099e-05	8.82711e-07	0	1.99174e-05	0	0	0	0	0	1.01703e-05	0	0.00461857	0	2.63677e-05	0	3.5892e-06	0	0	0.000998859	0	0	1.04069e-05	0.00460475	0	0	0	0	0	0	0	0	0	0.000987456	0	0.000526257	0	0	0	0	0.000986732	0	0	0	0	0	0	0	0	0	0	0	0	0	0	0	0	0.00460475	0	0	0	0	0	0	0	0	0	0	0	0	0	0	0	0
d2_14	0.000784978	1.87588e-05	1.66791e-05	8.02241e-07	8.95674e-06	4.80884e-07	8.84817e-06	0.00102041	3.0455e-06	0	2.49191e-06	0	2.85998e-06	0.000657821	1.43695e-06	0.000525374	0	0.00153455	7.17852e-06	0	1.47697e-05	2.28725e-05	0	0	0	1.17127e-06	0	0	2.48345e-05	0.000686188	0	0	0	2.90568e-05	0	3.3738e-06	0	0	0	0	0.000661424	0	0	0	0	0	0	0	0	0	0	0	0	1.42404e-05	0	9.05908e-06	0	0	0	0	0	0	0	0	0	0	0	0	0	0	0	0.00460475	0	0	0	0	0	0	0	0	0	0	0	0	0	0	0	0	0	0	0	0	0	0	0	0	0	0	0	0	0	0
d2_15	0.00552313	2.29698e-05	2.51655e-05	1.23121e-06	8.5148e-06	2.23557e-05	1.36853e-05	0.00495596	1.79593e-05	1.42901e-05	1.58642e-05	0	0.000549673	0.000233777	0.00101775	7.79113e-06	1.17025e-06	3.67572e-07	1.76466e-06	0	1.64315e-05	0	0	0.00460475	0	0	0	5.09811e-06	1.19187e-05	1.42924e-05	0	0.000360401	0	0	0	0	0	0	0	0	0	0.000360962	0	0	0	0	0	0	0	0	0	0	0	0	0	2.67374e-05	0.000991957	0	1.10885e-06	0	0	0	0	0	0	0	0.000332872	0	0	0	0	0	0	0	0	0	0	0	1.36617e-05	0	0	0	0	0.00396328	0	0	0	0	0	0	0	0	0	0	0	0	0	0	0	0	0	0
d2_16	0.00028033	2.48598e-05	3.43338e-06	0.000244431	5.60957e-06	1.6135e-06	0	9.41164e-06	6.88283e-06	1.82375e-06	8.09086e-06	0	2.84674e-06	0.000102021	0	0.000521248	0	0.00102618	0	0	9.9802e-06	0	2.42588e-05	0	2.22801e-05	0	2.33422e-05	0	1.26088e-05	2.32673e-05	2.02021e-06	2.71374e-05	4.79732e-07	7.46847e-06	0	0.000229007	0	1.79278e-05	0	0.000339267	0	0	0	0	0	1.0108e-05	0	5.49575e-06	0	0	0	3.41406e-07	0	0	0	0	0	0	0	0	0.000535882	0	0	0	0	0	0	0	0	0	0	0	0	0	0	0	0	0	0	0	0	0	0	0	0	0	0	0	0	0	0	0	0	0	0	0	0	0	0	0	0	0
d2_17	0.00154479	0	3.58772e-05	0	3.47703e-07	0	0	0.000778131	5.97631e-06	1.01379e-05	0	0	0	0	5.09275e-06	0	0	7.81522e-07	0	0	0.00495143	0	0	1.41542e-05	0.000353963	0	2.1682e-06	0	0	8.28296e-06	0	0	0	0	0	0.000657821	2.94302e-06	1.70463e-05	7.50641e-06	0	0	0	0	0	0	0.0039749	0	7.07986e-06	0	0	0	0	0	6.47175e-06	0	0	0	0	0	0	0	0	0	0	0	0	0	0	0	0	0	0	0	0	0	0	0	0	0	0.00395685	0	0	0	0	0	0	0	0	0	0	0	0	0	0	0	0	0	0	0	0	0	0
d2_18	0.00149533	3.1117e-06	1.17103e-05	0	1.09212e-05	0.000239824	1.07581e-06	0	7.94249e-06	0	1.11932e-05	0	0	1.54511e-05	0	0.00068569	0	4.73753e-05	0	2.48683e-06	0	2.11086e-06	0.000996595	0	1.74751e-05	0.00102338	0	0	1.45454e-05	0	0	0.00514721	1.26166e-05	4.24601e-08	0.000657821	1.1907e-06	0	0	0	0	0	0	2.30998e-06	0	0	0.00121448	0	0	0	0	0.00461057	0	0	0	0	0	0	0	0	0	0	0	0	0	0	0	0	0	0	0	0	0	0	0	0	0	0	0	0	0	0	0	0	0	0	0	0	0	0	0	0	0	0	0	0	0	0	0	0	0	0	0
d2_19	0.000143396	1.00525e-05	0	2.62086e-06	2.28113e-06	2.36747e-06	5.01097e-05	5.8498e-10	0	1.03113e-05	1.51003e-05	0.000703194	8.18323e-06	8.56529e-06	2.37778e-06	9.38384e-06	2.20711e-06	0	0	0.00101117	0	0	0	0	0.000897262	0	0	0	0.000657821	0	0	0	0	0.00108778	0.0049435	0.00396644	5.62436e-06	0.000542441	0	0	0	0	0	0	0	0	0	0	0	0	0	0	0	0	0	0.00493366	0	0	0	0	0	0	0	0.000657821	0	0	0	0.000657821	0	0	0	0	0	0	0	0	0	0	0	0	0	0	0	0	0	0	0	0	0	0	0	0	0	0	0	0	0	0	0	0	0	0
d2_20	0.000776315	0.000357324	0	2.11046e-05	1.0562e-06	0	2.02283e-06	0	0	9.02979e-06	0	1.17015e-05	1.56147e-06	0	3.07658e-05	0	2.57058e-07	2.9039e-06	0	0	0	0	2.92828e-06	0	0	0	1.11018e-06	0	2.95166e-06	0	0	0	0	2.5672e-05	0	3.22804e-06	0	0	0	0.000334301	1.49736e-06	0	0	2.90616e-06	0	0	0	7.17011e-06	0	0	0	0.00397863	0.00461379	0	0	0	0	1.00033e-05	0	0	0	0	0	0	0	0	0	0.00118408	0	0	0	0	0	0	0	0	0	0	0	0	0	0	0	1.78992e-05	0	0	0	0	0	0	0	0	0	0	0	0	0	0	0	0	0	0
d2_21	0.000110858	0	0.00463833	0.000565034	0	2.11014e-07	0.00104597	0	0	3.37369e-06	0	1.07642e-06	6.95326e-06	0	0	0	0	0.00102117	0	0.00121792	0	0.000359919	0.000350599	0	0.000344503	0	0	0	0	0.00460475	0	0.000657821	0.000344706	0	0	0	1.73877e-06	0	0	0	0	0	0	0	0	0.000337361	1.90236e-06	0	0	0	0	0	0.000204198	3.42e-06	0	0	0	0	0	0	0	0	0	0	0	0	0	0	0	0	0	0	0	0	0	0	0	0	0	0	0	0	0	0	0	0	0	0	0	0	0	0	0	0	0	0	0	0	0	0	0	0
d2_22	0.000136918	0	2.57446e-05	0	0	3.41771e-06	1.761e-06	3.1225e-06	6.71766e-06	0.000350169	0	0	0	0	3.12167e-05	3.05159e-06	0.00462116	0.000994515	0	0	0	0	3.31697e-06	0	0	0	3.62476e-06	0.00514771	0	0	0	0	0	0	0	0	0	0	0.000657821	0	0	0	0	0	0	0	0	0.000343239	0	0	0.000322694	0.00460475	0	0	0	0	0	0	0	0	0	0	0	0	0	0	0	0	0	0	0	0	0	0	0	0	0	0	0	0	0	0	0	0	0	0	0	0	0	0	0	0	0	0	0	0	0	0	0	0	0	0
d2_23	0.000137255	0	6.79946e-06	0	0	0	0.00497134	0.00172067	0	0	5.70622e-06	0.00067124	0.000711743	9.95494e-06	0	0	0	0	6.47364e-06	0	0	7.47608e-06	0	0	0	0	0	0	0	7.58566e-06	0	0	0	0.000355339	0	0	0.000450306	0.00460475	0.00560953	0	0	0.00497762	0	0	0	0	0	0	0.000986732	0	0	0	0	0.00461427	1.12371e-05	0.00118408	0	0	0	0	0	2.07615e-05	0	0	0	0	0	0	0	0	0	1.08411e-05	0	0	0	0	0	0	0	0	0	0	0	0	0	0	0	0	0	0	0	0	0	0	0	0	0	0	0	0	0	0
d2_24	4.90168e-05	4.3501e-06	0	0	2.08679e-06	4.20263e-07	0	4.32211e-06	1.00352e-05	0	1.06859e-06	0	0	2.00707e-06	0	0.000355965	7.07051e-06	0	0	0	0	0	0	0	0	0.000671248	0	0.000657821	0	0	0	0	0	0.00120471	0.000343056	0	0	0	1.70493e-05	0	0	0	0	4.64496e-07	5.8352e-06	0	0	0.00461375	0	0	0.000668442	0	0	0	0	0	0	0	0.00054494	0.000337848	0	0	0.000657821	0	0	0	0	0	0	0	0	0	4.01494e-06	0	0	4.58789e-06	0	0	0	0	0	0	0	0	0	0	0	0	0	0	0	0	0	0	0	0	0	0	0	0	0	0
d2_25	7.9927e-05	0	9.00518e-07	2.9918e-05	1.61508e-05	3.07408e-06	0	0	2.01922e-05	0	1.644e-06	0	0	0	0	0	0	0	1.32698e-05	4.97649e-06	0	0	0	0	0	0.000244156	0.0102063	4.83172e-06	0	0	0.000678501	0.00460715	0	0	0	0	0	0	0	0	0	0	0	0	0	0.000683531	0	1.74517e-05	0	4.25305e-06	0	0	0	0	0	0	0	0	0	0	0	0	0	0	0	0	0	0	0	0	0	0	0	0	0	0	0	0	0	0	0	0	0	0	0	0	0	0	0	0	0	0	0	0	0	0	0	0	0	0	0	0
d2_26	0.000285941	0	0	0	2.67697e-06	5.65419e-06	4.11446e-05	6.40063e-06	0.00100523	2.04509e-05	0	4.29261e-06	0	1.46762e-05	0.000357884	1.27673e-05	0	0	3.91315e-06	0	0	0	0	1.44873e-05	0	0	6.32636e-06	0	0.000222215	2.26633e-05	1.44194e-06	0	0	0	0	0	0	2.5209e-06	0	0	0	0	0	0	0.00100642	0	0	0	0	2.00854e-06	0	0	0	0	0	4.06198e-06	0	1.27177e-05	0	0	0	0	0	0	0	0.00460475	0	0	0	0	0	0	0	0	0	0	0	0	0	0	0	0	1.09122e-05	0	0.00021107	0	0	0	0	0	0	0	0	0	0	0	0	0	0	0	0	0
d2_27	0.00110659	0	0	0	2.33709e-05	0	0	2.48092e-05	0	0	0	7.03077e-06	1.71561e-05	0	0	9.52386e-06	9.68841e-06	0	0	0	0	0.000150977	0	0	0	0	0.0009933	0	0	0	0	0	0	0	5.72168e-06	0	0	0	0.000986732	0	0	1.24105e-05	0	0	0	1.79839e-05	0.00022706	0	0	0	0	0	0	0	0	0	0.00035511	0.00462882	0.00461344	0	0	0.00493366	0	0	0	0.000986732	0	0	0	0	0	0.00119501	0	0	0	0	0	0	0	0	0	0	0	0	0	0	0	0	0	0	0	0	0	0	0	0	0	0	0	0	0	0
d2_28	3.11907e-05	0	1.15006e-06	0	1.61146e-06	0	0	0	0	0	0	1.13446e-05	0	0	0	0	1.63724e-05	0	0	0	0	0	0.000657821	0	0	0	0	0	0	0	0.000332242	0	0	0	0.000664972	0	0	0	0	0	5.94678e-07	0	0	0	0	0	0.000343002	0	0	0	0	7.41841e-06	0	0	0	0	0	0	0	0	0	0	0	0	0	0	0	0	0	0.00495426	0	0	0	0	0	0	0	0	0	0	0	0	0	0	0	0	0	0	0	0	0	0	0	0	0	0	0	0	0	0	0	0
d2_29	0.000451013	1.47322e-05	0	0	0	1.42046e-05	0	0	7.72592e-06	7.93708e-06	0	0.000219658	0	0	0	0.000668395	0.00100416	0.00647792	0	0.0013275	0	0	1.01383e-06	7.03117e-06	0	0	7.6569e-06	0	0.000995567	0	0.00034021	0	0	0	0	0	0	0	0	0	0	0.000657821	0	0	9.06297e-06	0	1.48721e-05	0	0	0	0	0	0.000676015	0	0	0	0	0	0.000657821	0	0	0	0	0	0	0.00496274	0	0	0	0	0	0	0	0	0	0	0	0	0	0	0	0	0	0	0	0	0	0	0	0	0	0	0	0	0	0	0	0	0	0	0	0
d2_30	4.54129e-05	0	0	0	2.07974e-05	0	1.26412e-05	2.61703e-05	7.05574e-06	5.89038e-06	6.201e-06	2.33688e-07	0.00513823	0	0.000657821	0	1.35452e-05	0	0	0	2.52308e-05	1.31454e-05	0	0	0	1.61248e-05	8.8714e-06	1.23387e-05	0	0	0.00493366	0	0.000336394	2.94686e-06	0	0	0.000986732	4.05974e-06	0.00515301	0	5.71202e-07	9.84294e-06	0	0	0	0	1.27334e-05	1.75278e-05	0	0	0	0	0	0	0	0	0	0	0	0	0	0	0	0	0.000661662	0	0.000212821	0	0	0	0	0	0	0	0	0	0	0	0	0	0	0	0	0	0	0	0	0	0	0	0	0	0	0	0	0	0	0	0	0	0	0
d2_31	2.43602e-05	1.51486e-05	1.24537e-05	1.11371e-05	0	6.67126e-06	0	0	0	0.00068379	0	0	0	0	0	0	0.000659115	1.05769e-05	0	0	0	0	0.00461505	0	0.000328911	0	0	0.0102178	1.14872e-05	9.78658e-07	0	0.000657821	0	0	2.43545e-05	5.99481e-06	0	0	0	0	0	0	0	0	0	0	0	0	0.000335838	0	0.000535741	0	0	0	0	0	0	0	0	0	0	0	0	0	0	0	0	0	0	0	0	0	0	0	0	0	0	0	0	0	0	0	0	0	0	0	0	0	0	0	0	0	0	0	0	0	0	0	0	0	0	0
d2_32	2.09094e-05	1.50621e-05	0	2.32955e-06	0	0.00055828	3.00231e-05	4.83814e-06	0	0	0	3.4459e-06	0	0	0	0	0	0.000228853	0	0	0	2.23042e-07	2.713e-06	0	0	6.89895e-06	0	0	0	0	0	0	0	0	0	0	0	0	0.000997562	0	0.000777657	0	0	0	0	0	0	0	0	0	0	0	0	0	0.000657821	0	0	0	0	0	0	0	0	1.5747e-05	0	0	0	0	0	4.94166e-06	0.00100935	0	0	0	0	0	0	0	0	0	0	0	0	0	0	0	0	0	0	0	0	0	0	0	0	0	0	0	0	0	0	0
d2_33	2.09899e-05	1.2614e-05	0	2.95658e-06	2.34085e-06	0	2.88222e-07	0	8.34066e-07	0	0	0	1.07524e-07	0	0	0	3.61287e-06	0	0	0	0	0	0	0	0	1.34563e-05	5.90543e-06	0	0	1.05427e-05	0	3.35593e-07	0.00461414	0	0	3.42119e-06	0	0	0	7.73394e-07	0	0	0	0	0	0	0	0	0	0	0	0	0	0	0	4.88269e-07	0	0	0	0	0	0	0	0	0	0	0	0	0	0	0	0	0	0	0	0	0	0	0	0	0	0	0	0	0	0	0	0	0	0	0	0	0	0	0	0	0	0	0	0	0	0
d2_34	2.54704e-05	0	0	0	2.92079e-07	3.2361e-06	0	6.6955e-06	0	0	0	0	0	0	0	0.000350333	1.10919e-06	0	0	0	0	0	0	1.87076e-05	0	0.000341401	1.10767e-05	0	0	0	0	0	0	0	0	0	0	0	0	0	0	0	0	0	0	0	0	1.46871e-05	0	0	0	0.000536039	0	0	0	0	0	0	0	0	1.37792e-05	0	0	0	8.89737e-07	0	0	0	0	0	0	0	0	0	0	0	0	0	0	0	0	0	0	0	0	0	0	0	0	0	0	0	0	0	0	0	0	0	0	0	0	0
d2_35	0.000356829	0	0	0	0	1.75485e-05	0	0	0	0	5.40229e-06	0	0	0	0	0	0	0	0	0	0.000358014	0	0	0	0	0	0	0	0	0.000995075	0	1.00911e-05	0	0	0	0	0	0	0	0.00121669	0	5.48498e-06	0	0	0	0	0	0	0	0	0	0	0	0	0.000657821	0	9.51068e-06	0	0	0	0	0	0	0	0	0	0	0	0	0	0	0	0	0	0	0	0	0.00100455	0	0	0	0	0	0	0	0	0	0	0	0	0	0	0	0	0	0	0	0	0	0	0	0
d2_36	3.20322e-05	0	0	0	0.00066135	0	0	0	1.21324e-05	0	0	0	0	0	0	0	0	8.15073e-06	0	0	0	0	0	0	0	0	0	0.0018527	0	0	0	0	0	0	0	0	0	0	0	0	0	0	0	0	0	0	0	0	0	0	0	0	4.64448e-06	0	6.19093e-06	0	0	0	0	0	0	0	0	0	0	0	0	0	0	3.20563e-06	0	0	0.00100565	0	0	0	0	0	0	0	0	0	0	0	0	0	0	0	0	0	0	0	0	0	0	0	0	0	0	0	0	0
d2_37	1.66651e-05	5.26697e-06	0	1.01589e-05	1.01557e-05	0	0	0	0	1.12376e-06	0	0	0	0.000149755	0	0	0	0.000657821	1.95146e-06	5.28651e-06	0	0	0	0	0	0	0	0	0	0	0	0	8.20552e-06	0	0	0	0	0	0	0	0	0	0	0	0.000539324	0	0	3.89938e-07	0	0	0	0	0	0	0	0	0	0	0	0	0	0	0	0	0	0	0	0	0	0	0	0	0	0	0	0	0	0	0	0	0	0	0	0	0	0	0	0	0	0	0	0	0	0	0	0	0	0	0	0	0	0
d2_38	1.31761e-05	0	0	2.00691e-05	0	0	0	0	0	0	0	0	0	0	0	0	0	9.30988e-07	0	0	0	5.89034e-06	0	0	2.74131e-07	0	1.12307e-05	0	0.000340399	0	0	0	0	0	0	0	0	0	0	0	2.3456e-05	0	0	0	0	0.000532984	0	0	0	0	0	0	0	0	0	0	0	0	0	0	0	0	0	0	0	0	0	0	0	0	0	0	0	0	0	0	0	0	0	0	0	0	0	0	0	0	0	0	0	0	0	0	0	0	0	0	0	0	0	0	0	0
d2_39	6.89683e-06	0	0	7.09689e-06	0	0	0	1.94325e-06	0	1.14711e-05	0	0	0	0	6.11155e-06	0	0.000203456	0	1.21354e-05	0	0	0	0	0	0	0	4.57486e-06	4.33857e-06	0	0	0	0	0	0	0	0	0.000341504	0	0	0	0	0	0	2.57559e-06	0	0	4.82998e-06	0	9.22629e-06	0	0	1.05254e-05	0	5.46841e-06	0	0	0	0	0	0	0	0	0	0	0	0	0	0	0	0	0	0	0	0	0	0	0	0	0	0	0	0	0	0	0	0	0	0	0	0	0	0	0	0	0	0	0	0	0	0	0	0
d2_40	2.20499e-06	0	0	0	0	0	0	0	0.00464155	0	0	0	0	0	0	0	0.00517765	0.000328911	0	0	0	0	0	0	0	0	0	0	0	0	0	0	0	0	0	7.18262e-06	5.08452e-06	0	0	0	0	0	0	0.000669808	0	0	0	0	0	0	0	0	0	0	0	0	0	0	0	0	0	0	0	0	0	0	0	0	0	0	0	0	0	0	0	0	0	0	0	0	0	0	0	0	0	0	0	0	0	0	0	0	0	0	0	0	0	0	0	0	0	0
d2_41	1.31015e-05	0	0	2.97998e-07	0	7.14972e-06	1.86643e-07	1.27684e-05	0.000546398	0	0	0	0	0.000660222	0	0	0.0052053	0	0	0	0	1.94274e-06	0	0	0	0	0.000663015	0	0	0	0	0	0.000657821	0	0.00100846	0	0	0	0	0	0	0	0	0.000657821	0	0	0	0	0	0	0	0	0	0	3.39714e-06	0	0	0	0	0	0	0	0	0	0	0	0	0	0	0	0	0	0	0	0	0	0	0	0	0	0	0	0	0	0	0	0	0	0	0	0	0	0	0	0	0	0	0	0	0	0	0
d2_42	1.58534e-05	0	0	0	0	0	0	0	0	1.67038e-05	0	4.8096e-06	0	0	0	0	0	0	1.02673e-05	0	0	0	0	0	0	0	0	0	0	0	0	0	0	0	0	0	0	0	0	0	0	0	0	0	0	0	0	0	0	0	0	0	0	0	0	0	0	0	0	0	0	0	0	0	0	0	0	0	0	0	0	0	0	0	0	0	0	0	0	0	0	0	0	0	0	0	0	0	0	0	0	0	0	0	0	0	0	0	0	0	0	0
d2_43	2.48107e-06	0	0	9.04859e-06	0	0	0	0	1.80819e-06	1.17999e-05	0	0	0	0	6.47755e-06	1.16824e-05	0	0	0.000666983	0	0	0.00494963	0	8.19584e-07	0	0	0	0	0	0	0	0	0	0	0	0.000349427	0	0	0	0	0	0	0	0	0	0	0	0	2.98555e-06	7.67877e-06	0	0	0	0	0	0	0	0	0	0	0	0	0	0	0	0	0	0	0	0	0	0	0	0	0	0	0	0	0	0	0	0	0	0	0	0	0	0	0	0	0	0	0	0	0	0	0	0	0	0	0	0
d2_44	2.00029e-06	0	2.59469e-06	0	0	0	6.51364e-06	0	0	0	0	0	0	0	0	0	0	0	5.74105e-06	0	0	0	0	0	0	0	0	0	0	0	0	0	3.3988e-06	0	0	0	0	0	0	0	0	0	0	0	0	0	0	0	0.00100028	1.78993e-05	0	0	0	0	0	0	0	0	0	0	0	0	0	0	0	0	0	0	0	0	0	0	0	0	0	0	0	0	0	0	0	0	0	0	0	0	0	0	0	0	0	0	0	0	0	0	0	0	0	0	0	0
d2_45	0	0	0	0	0	0	0	0	1.32479e-08	0	0	0	0	0	0	0	1.50996e-05	0	0	0	0	0	0	0	0	0	0	0	0	0	0	9.96352e-06	0	0	0	0	3.20971e-06	0	0	0	0	3.665e-07	1.8272e-05	0	0	0	0	0	0	0	0	0	0	0	0	0	0	0	0	0	0	0	0	0	0	0	0	0	0	0	0	0	0	0	0	0	0	0	0	0	0	0	0	0	0	0	0	0	0	0	0	0	0	0	0	0	0	0	0	0	0	0
d2_46	2.35266e-06	0	0	0	0	0	0	1.25931e-05	0	0	0	0	0	0	0	0	0	0	0	0	0	0	0	0	0	0	0	0	0	0	0	0	0	0	0	0	0	0	0	0	0	0	0	0	0	0	0	0	0	0	0	0	0	0	1.84673e-05	0	0	0	0	0	0	0	0	0	0	0	0	0.00119434	0	0	0	0	0	0	0	0	0	0	0	0	0	0	0	0	0	0	0	0	0	0	0	0	0	0	0	0	0	0	0	0	0	0
d2_47	0.000352735	0	0	0	0	9.43917e-06	0	0	0	5.09271e-06	0	0	0	0	0	4.16126e-07	0	0	0	4.96732e-06	0	0	0.00100638	0	0	0	0	6.54691e-06	0.00460475	0	0	0	0	0	0	0	0	0	0	0	0	0	0	0	0	0	0	0	0	0	0	0	0	0	0	0	0	0	0	0	0	0	0	0	0	0	0	0	0	0	0	0	0	0	0	0	0	0	0	0	0	0	0	0	0	0	0	0	0	0	0	0	0	0	0	0	0	0	0	0	0	0
d2_48	2.60529e-06	0	0	0.000999045	0	0	0	0	0	0.000678007	0	0	0	0	0	0	0	0	0.00495686	0	0	0	0	0	0	0	0	0	0.000994552	0	0	0	0	0	0	0	0	0	0	0	0	0	0	0.0046245	0	0	0	0	0	0	0	0	0	0	0	0	0	0	0	0	0	0	0	0	0	0	0	0.00460475	0	0	0	0	0	0	0	0	0	0	0	0	0	0	0	0	0	0	0	0	0	0	0	0	0	0	0	0	0	0	0	0	0	0
d2_49	0	0	0	0	0	5.59503e-06	0	0	0	0	0	4.89476e-06	0	0	0	0	0	0	0	0	0	0	0	0	0	0	7.22509e-06	0	0	0	0	0	0	0	0	0	0	0	0.000328911	0.00460475	0	0	0	0	0	0	0	0	0	0	0	0	0	0	0	0	0	0	0	0	0	0	0	0	0	0	0	0	0	0	0	0	0	0	0	0	0	0	0	0	0	0	0	0	0	0	0	0	0	0	0	0	0	0	0	0	0	0	0	0	0	0
d2_50	2.55027e-05	0	0	0	0	0	0	0	0	0	0	0	5.01128e-06	6.27821e-06	0	0	0	0	8.18041e-06	0	0	0	0	0	0	0.00461735	0	0	1.81109e-05	0	1.6208e-06	0	0	4.03697e-06	0	4.16482e-07	1.76608e-05	0.00430686	0	0	0	0	0	0	0	0	0	0	0	0	0	0	0	0	0	0	0	0	0	0	0	0	0	0	0	0	0	0	0	0	0	0	0	0	0	0	0	0	0	0	0	0	0	0	0	0	0	0	0	0	0	0	0	0	0	0	0	0	0	0	0	0
d2_51	0	0	0	0	0	0	0	0	0	0	0	0	0	0	0	0	0	0.000657821	0	0	0	0	0	0.000675464	0	0	0	0.00055292	0	0	0	0	0	0	0	0	0	0	0	0	0	0	0.00460475	0	0	0	0	0	0	0	0	0	0	0	0	0	0	0	0	0	0	0	0	0	0	0	0	0	0	0	0	0	0	0	0	0	0	0	0	0	0	0	0	0	0	0	0	0	0	0	0	0	0	0	0	0	0	0	0	0	0	0
d2_52	0	0	0	0	0	0	0	0	0	0	0	0	0	0	0	0	0	0	0	0	0	0	0	0	0	0	0	0	0	2.24159e-05	0	0	0	0	0	0	0	0	0	0	0	0	0	0	0	0	0	0	0	0	0	0	0	0	0	0	0	0	0	0	0	0	0	0	0	0	0	0	0	0	0	0	0	0	0	0	0	0	0	0	0	0	0	0	0	0	0	0	0	0	0	0	0	0	0	0	0	0	0	0	0	0
d2_53	0	0	0	0	0	0	0	0	0	0	0	0	0	0	0	0	0	0	0	0	0	1.31057e-05	0	0	0	0	0	0	0	0	0	0	0	0	0	0	0	0	0	0	0.00395821	1.36e-05	0	0	0	2.33164e-06	0	0	0	0	0	0	0	0	0	0	0	0	0	0	0	0	0	0	0	0	0	0	0	0	0	0	0	0	0	0	0	0	0	0	0	0	0	0	0	0	0	0	0	0	0	0	0	0	0	0	0	0	0	0	0	0
d2_54	0	0	0	0	0	0	0	0	0	0	0	0	0	1.41019e-05	0	0	0.000986732	0	0	0	0	0	0	0	0	0	0	0	0	0	0	0	0	0	0	0	0	0	0	0	0.000988543	0	0	0	0	0	0	0	0.000334217	0	0	0	0	0	0	0	0	0	0	0	0	0	0	0	0	0	0	0	0	0	0	0	0	0	0	0	0	0	0	0	0	0	0	0	0	0	0	0	0	0	0	0	0	0	0	0	0	0	0	0	0	0
d2_55	0	0	0	0	0	0	0	0	0	0	0	2.00278e-06	0	0	0	0	0	0	0	0	0	0	0	0	0	0	0	0	0	0	0	0	0	0	0	0	0	0	0	0	0	0	0	0	0	0	0	0	0	0	0	0	0	0	0	0	0	0	0	0	0	0	0	0	0	0	0	0	0	0	0	0	0	0	0	0	0	0	0	0	0	0	0	0	0	0	0	0	0	0	0	0	0	0	0	0	0	0	0	0	0	0
d2_56	7.9575e-07	0	0	0	0	0	0	0	0	0	0	0	0	0	0	0	0	0	0	0	0	0	0	0	0	0	0	0	0	0	0	0	0	0	0	0	0	0	0	0	0	0	0	0	0	0	0	0	0	0	0	0	0	0	0	0	0	0	0	0	0	0	0	0	0	0	0	0	0	0	0	0	0	0	0	0	0	0	0	0	0	0	0	0	0	0	0	0	0	0	0	0	0	0	0	0	0	0	0	0	0	0
d2_57	0	0	0	0	2.20852e-05	0	0	0	0	0	0	0	0	0	0	0	0	0	0.000534483	0	0	4.16457e-06	0	0	0	0	0	0	0	0	0	0	0	0	0	0	0	0	0	0	0	0	0	0	0	0	0	0	0	0	0	0	0	0	0	0	0	0	0	0	0	0	0	0	0	0	0	0	0	0	0	0	0	0	0	0	0	0	0	0	0	0	0	0	0	0	0	0	0	0	0	0	0	0	0	0	0	0	0	0	0	0
d2_58	1.19947e-06	0	0	0	0	0	0	0	0	0	0	0	0	0	0	0	0	0	0	0	0	0	0	0	0	0	0	0	0	0	0	0	0	0	0	0	0	0	0	0	0	0	0	0	0	0	0	0	0	0	0	0	0	0	0	0	0	0	0	0	0	0	0	0	0	0	0	0	0	0	0	0	0	0	0	0	0	0	0	0	0	0	0	0	0	0	0	0	0	0	0	0	0	0	0	0	0	0	0	0	0	0
d2_59	0	0	0	0	0	0	1.27512e-06	0	0	0	0	0	0	0	0	0	0	0.000677379	0	5.53325e-06	0	0	3.23612e-05	0	0.000658651	0	1.36732e-05	0	0	0	0	0	0	0	0	0	0	0	0	0	0	0	0	0	0	0	0	0	0	0	0	0	0	0	0	0	0	0	0	0	0	0	0	0	0	0	0	0	0	0	0	0	0	0	0	0	0	0	0	0	0	0	0	0	0	0	0	0	0	0	0	0	0	0	0	0	0	0	0	0	0	0
d2_60	0	0	0	0	0	0	2.71882e-06	0	0	0	0	0	0	0	0	0	0.000986732	0	0	0	0	0	0	0	0.00460475	0	0	0	0	0	0	0	0	0	0	0	0	0	0	0	0	0	0	0	0	0	0	0	0	0	0	0	0	0	0	0	0	0	0	0	0	0	0	0	0	0	0	0	0	0	0	0	0	0	0	0	0	0	0	0	0	0	0	0	0	0	0	0	0	0	0	0	0	0	0	0	0	0	0	0	0	0
d2_61	0	0	0	0	0	0	0	0	0	0	0	0	0	0	0	0	0	0	0	0	0	0	0	0	0	0	0	0	0	0	0	0	0	0	0	0	0	0	0	0	0	0	0	0	0	0	0	0	0	0	0	0	0	0	0	0	0	0	0	0	0	0	0	0	0	0	0	0	0	0	0	0	0	0	0	0	0	0	0	0	0	0	0	0	0	0	0	0	0	0	0	0	0	0	0	0	0	0	0	0	0	0
d2_62	0	0	0	0	0	0	0	0	0	0	0	0	0	0	0	0	0	0	0	0	0	2.23054e-05	0	0	0	0	0	0	0	0	0	0	0	0	0	0	0	0	0	0	0	0	0	0	0	0	0	0	0	0	0	0	0	0	0	0	0	0	0	0	0	0	0	0	0	0	0	0	0	0	0	0	0	0	0	0	0	0	0	0	0	0	0	0	0	0	0	0	0	0	0	0	0	0	0	0	0	0	0	0	0	0
d2_63	0	0	0	0	0	0	0	0	0	0	0	0	0	0	0	0	0	0	0	0	0	0	0	0	0	0	0	0	0	0	0	0	0	0	0	0	0	0	0	0	0	0	0	0	0	0	0	0	0	0	0	0	0	0	0	0	0	0	0	0	0	0	0	0	0	0	0	0	0	0	0	0	0	0	0	0	0	0	0	0	0	0	0	0	0	0	0	0	0	0	0	0	0	0	0	0	0	0	0	0	0	0
d2_64	0	0	0	0	0	0	0	0	0	0	0	0	0	0	0	0	0	0	0	0	0	0	0	0	0	0	0	0	0	0	0	0	0	0	0	0	0	0	0	0	0	0	0	0	0	0	0	0	0	0	0	0	0	0	0	0	0	0	0	0	0	0	0	0	0	0	0	0	0	0	0	0	0	0	0	0	0	0	0	0	0	0	0	0	0	0	0	0	0	0	0	0	0	0	0	0	0	0	0	0	0	0
d2_65	0	0	0	0	0	0	0	0	0	0	0	0	0	0	0	0	0	0	0	0	0	0	0	0	0	0	0	0	0	0	0	0	0	0	0	0	0	0	0	0	0	0	0	0	0	0	0	0	0	0	0	0	0	0	0	0	0	0	0	0	0	0	0	0	0	0	0	0	0	0	0	0	0	0	0	0	0	0	0	0	0	0	0	0	0	0	0	0	0	0	0	0	0	0	0	0	0	0	0	0	0	0
d2_66	0	0	0	0	0	0	0	0	0	0	0	0	0	0	0	0	0	0	0	0	0	0	0	0	0	0	0	0	0	0	0	0	0	0	0	0	0	0	0	0	0	0	0	0	0	0	0	0	0	0	0	0	0	0	0	0	0	0	0	0	0	0	0	0	0	0	0	0	0	0	0	0	0	0	0	0	0	0	0	0	0	0	0	0	0	0	0	0	0	0	0	0	0	0	0	0	0	0	0	0	0	0
d2_67	0	0	0	0	0	0	0	0	0	0	0	0	0	0	0	0	0	0	0	0	0	0	0	0	0	0	0	0	0	0	0	0	0	0	0	0	0	0	0	0	0	0	0	0	0	0	0	0	0	0	0	0	0	0	0	0	0	0	0	0	0	0	0	0	0	0	0	0	0	0	0	0	0	0	0	0	0	0	0	0	0	0	0	0	0	0	0	0	0	0	0	0	0	0	0	0	0	0	0	0	0	0
d2_68	0	0	0	0	0	0	0	0	0	0	0	0	0	0	0	0	0	0	0	0	0	0	0	0	0	0	0	0	0	0	0	0	0	0	0	0	0	0	0	0	0	0	0	0	0	0	0	0	0	0	0	0	0	0	0	0	0	0	0	0	0	0	0	0	0	0	0	0	0	0	0	0	0	0	0	0	0	0	0	0	0	0	0	0	0	0	0	0	0	0	0	0	0	0	0	0	0	0	0	0	0	0
d2_69	3.59671e-06	0	0	0	0	0	0	0	0	0	0	0	0	0	0	0	0	0	0	0	0	0	0	0	0	0	0	0	0	0	0	0	0	0	0	0	0	0	0	0	0	0	0	0	0	0	0	0	0	0	0	0	0	0	0	0	0	0	0	0	0	0	0	0	0	0	0	0	0	0	0	0	0	0	0	0	0	0	0	0	0	0	0	0	0	0	0	0	0	0	0	0	0	0	0	0	0	0	0	0	0	0
d2_70	0	0	0	0	0	0	0	0	0	0	0	0	0	0	0	0	0	0	0	0	0	0	0	0	0	0	0	0	0	0	0	0	0	0	0	0	0	0	0	0	0	0	0	0	0	0	0	0	0	0	0	0	0	0	0	0	0	0	0	0	0	0	0	0	0	0	0	0	0	0	0	0	0	0	0	0	0	0	0	0	0	0	0	0	0	0	0	0	0	0	0	0	0	0	0	0	0	0	0	0	0	0
d2_71	0	0	0	0	0	0	4.45415e-06	0	0	0	0	0	0	0	0	0	0	0	0	0	0	0	0	0	0	0	0	0	0	0	0	0	0	0	0	0	0	0	0	0	0	0	0	0	0	0	0	0	0	0	0	0	0	0	0	0	0	0	0	0	0	0	0	0	0	0	0	0	0	0	0	0	0	0	0	0	0	0	0	0	0	0	0	0	0	0	0	0	0	0	0	0	0	0	0	0	0	0	0	0	0	0
d2_72	0	0	0	0	0	0	0	0	0	0	0	0	0	0	0	0	0	0	0	0	0	0	0	0	0	0	0	0	0	0	0	0	0	0	0	0	0	0	0	0	0	0	0	0	0	0	0	0	0	0	0	0	0	0	0	0	0	0	0	0	0	0	0	0	0	0	0	0	0	0	0	0	0	0	0	0	0	0	0	0	0	0	0	0	0	0	0	0	0	0	0	0	0	0	0	0	0	0	0	0	0	0
d2_73	0	0	0	0	0	0	0	0	0	0	0	0	0	0	0	0	0	0	0	0	0	0	0	0	0	0	0	0	0	0	0	0	0	0	0	0	0	0	0	0	0	0	0	0	0	0	0	0	0	0	0	0	0	0	0	0	0	0	0	0	0	0	0	0	0	0	0	0	0	0	0	0	0	0	0	0	0	0	0	0	0	0	0	0	0	0	0	0	0	0	0	0	0	0	0	0	0	0	0	0	0	0
d2_74	0	0	0	0	0	0	0	0	0	0	0	0	0	0	0	0	0	0	0	0	0	0	0	0	0	0	0	0	0	0	0	0	0	0	0	0	0	0	0	0	0	0	0	0	0	0	0	0	0	0	0	0	0	0	0	0	0	0	0	0	0	0	0	0	0	0	0	0	0	0	0	0	0	0	0	0	0	0	0	0	0	0	0	0	0	0	0	0	0	0	0	0	0	0	0	0	0	0	0	0	0	0
d2_75	0	0	0	0	0	0	0	0	0	0	0	0	0	0	0	0	0	0	0	0	0	0	0	0	0	0	0	0	0	0	0	0	0	0	0	0	0	0	0	0	0	0	0	0	0	0	0	0	0	0	0	0	0	0	0	0	0	0	0	0	0	0	0	0	0	0	0	0	0	0	0	0	0	0	0	0	0	0	0	0	0	0	0	0	0	0	0	0	0	0	0	0	0	0	0	0	0	0	0	0	0	0
d2_76	0	0	0	0	0	0	0	0	0	0	0	0	0	0	0	0	0	0	0	0	0	0	0	0	0	0	0	0	0	0	0	0	0	0	0	0	0	0	0	0	0	0	0	0	0	0	0	0	0	0	0	0	0	0	0	0	0	0	0	0	0	0	0	0	0	0	0	0	0	0	0	0	0	0	0	0	0	0	0	0	0	0	0	0	0	0	0	0	0	0	0	0	0	0	0	0	0	0	0	0	0	0
d2_77	0	0	0	0	0	0	0	0	0	0	0	0	0	0	0	0	0	0	0	0	0	0	0	0	0	0	0	0	0	0	0	0	0	0	0	0	0	0	0	0	0	0	0	0	0	0	0	0	0	0	0	0	0	0	0	0	0	0	0	0	0	0	0	0	0	0	0	0	0	0	0	0	0	0	0	0	0	0	0	0	0	0	0	0	0	0	0	0	0	0	0	0	0	0	0	0	0	0	0	0	0	0
d2_78	0	0	0	0	0	0	0	0	0	0	0	0	0	0	0	0	0	0	0	0	0	0	0	0	0	0	0	0	0	0	0	0	0	0	0	0	0	0	0	0	0	0	0	0	0	0	0	0	0	0	0	0	0	0	0	0	0	0	0	0	0	0	0	0	0	0	0	0	0	0	0	0	0	0	0	0	0	0	0	0	0	0	0	0	0	0	0	0	0	0	0	0	0	0	0	0	0	0	0	0	0	0
d2_79	0	0	0	0	0	0	0	0	0	0	0	0	0	0	0	0	0	0	0	0	0	0	0	0	0	0	0	0	0	0	0	0	0	0	0	0	0	0	0	0	0	0	0	0	0	0	0	0	0	0	0	0	0	0	0	0	0	0	0	0	0	0	0	0	0	0	0	0	0	0	0	0	0	0	0	0	0	0	0	0	0	0	0	0	0	0	0	0	0	0	0	0	0	0	0	0	0	0	0	0	0	0
d2_80	0	0	0	0	0	0	0	0	0	0	0	0	0	0	0	0	0	0	0	0	0	0	0	0	0	0	0	0	0	0	0	0	0	0	0	0	0	0	0	0	0	0	0	0	0	0	0	0	0	0	0	0	0	0	0	0	0	0	0	0	0	0	0	0	0	0	0	0	0	0	0	0	0	0	0	0	0	0	0	0	0	0	0	0	0	0	0	0	0	0	0	0	0	0	0	0	0	0	0	0	0	0
d2_81	0	0	0	0	0	0	0	0	0	0	0	0	0	0	0	0	0	0	0	0	0	0	0	0	0	0	0	0	0	0	0	0	0	0	0	0	0	0	0	0	0	0	0	0	0	0	0	0	0	0	0	0	0	0	0	0	0	0	0	0	0	0	0	0	0	0	0	0	0	0	0	0	0	0	0	0	0	0	0	0	0	0	0	0	0	0	0	0	0	0	0	0	0	0	0	0	0	0	0	0	0	0
d2_82	0	0	0	0	0	0	0	0	0	0	0	0	0	0	0	0	0	0	0	0	0	0	0	0	0	0	0	0	0	0	0	0	0	0	0	0	0	0	0	0	0	0	0	0	0	0	0	0	0	0	0	0	0	0	0	0	0	0	0	0	0	0	0	0	0	0	0	0	0	0	0	0	0	0	0	0	0	0	0	0	0	0	0	0	0	0	0	0	0	0	0	0	0	0	0	0	0	0	0	0	0	0
d2_83	0	0	0	0	0	0	0	0	0	0	0	0	0	0	0	0	0	0	0	0	0	0	0	0	0	0	0	0	0	0	0	0	0	0	0	0	0	0	0	0	0	0	0	0	0	0	0	0	0	0	0	0	0	0	0	0	0	0	0	0	0	0	0	0	0	0	0	0	0	0	0	0	0	0	0	0	0	0	0	0	0	0	0	0	0	0	0	0	0	0	0	0	0	0	0	0	0	0	0	0	0	0
d2_84	0	0	0	0	0	0	0	0	0	0	0	0	0	0	0	0	0	0	0	0	0	0	0	0	0	0	0	0	0	0	0	0	0	0	0	0	0	0	0	0	0	0	0	0	0	0	0	0	0	0	0	0	0	0	0	0	0	0	0	0	0	0	0	0	0	0	0	0	0	0	0	0	0	0	0	0	0	0	0	0	0	0	0	0	0	0	0	0	0	0	0	0	0	0	0	0	0	0	0	0	0	0
