	d0_0	d0_1	d0_2	d0_3	d0_4	d0_5	d0_6	d0_7	d0_8	d0_9	d0_10	d0_11	d0_12	d0_13	d0_14	d0_15	d0_16	d0_17	d0_18	d0_19	d0_20	d0_21	d0_22	d0_23	d0_24	d0_25	d0_26	d0_27	d0_28	d0_29	d0_30	d0_31	d0_32	d0_33	d0_34	d0_35	d0_36	d0_37	d0_38	d0_39	d0_40	d0_41	d0_42	d0_43	d0_44	d0_45	d0_46	d0_47	d0_48	d0_49	d0_50	d0_51	d0_52	d0_53	d0_54	d0_55	d0_56	d0_57	d0_58	d0_59	d0_60	d0_61	d0_62	d0_63	d0_64	d0_65	d0_66	d0_67	d0_68	d0_69	d0_70	d0_71	d0_72	d0_73	d0_74	d0_75	d0_76	d0_77	d0_78	d0_79	d0_80	d0_81	d0_82	d0_83	d0_84	d0_85	d0_86	d0_87	d0_88	d0_89	d0_90	d0_91	d0_92	d0_93	d0_94	d0_95	d0_96	d0_97	d0_98	d0_99	d0_100	d0_101
d1_0	0	0.134346	0.0327323	0.0161225	0.0102112	0.0152194	0.00487802	0.0074261	0.0073488	0.00637934	0.00199951	0.00131327	0.00563312	0.000491235	0.00541374	0.00970531	0.0014241	0.00129892	0.00643719	0.00144335	0.00142874	0.000747399	0.000157512	0.00520427	0.00110725	0.000118167	0.000100157	6.33119e-05	0.0051206	5.94733e-05	5.19704e-05	4.14118e-05	6.02971e-05	0.0052174	3.9598e-05	0.000383	1.21714e-05	0.00033828	2.65249e-05	1.2614e-05	0.000362419	0.00134647	1.5975e-05	0.000361864	2.23899e-05	7.1185e-06	2.04951e-06	0	1.19264e-05	0	0	0	0	0	0	0	0.000351621	0	0	0	0	0	0	0	0	0	1.00913e-05	0	0	0	6.96586e-06	0	0	0	0	0	0	0	0	0	0	0	0	0	0	0	0	0	0	0	0	0	0	0	0	0	0	0	0	0	0	0
d1_1	0.0765542	5.45118e-05	5.32061e-06	0.000352009	3.30459e-05	1.22462e-05	0.000255039	8.07938e-06	5.04894e-05	0.00158346	3.75143e-05	1.30097e-05	0	7.08771e-06	1.8252e-05	3.50262e-05	2.82284e-05	0.000216691	0.000688283	0	0.0010057	5.39659e-07	0.00102482	1.27117e-05	1.39475e-05	0	2.23912e-05	0.00035973	6.09963e-06	0.00516724	0	0	0	0	0	0	4.4e-06	0.000224934	0	0	0	0	0	0	0	0	0	0	0	0	0	0.00498319	0	0	0	0	0	0	0	0	0	0	0	0	0	0	0	0	0.000659829	0	0	0	0	0	0	0	0	0	0	0	0	0	0	0	0	0	0	0	0	0	0	0	0	0	0	0	0	0	0	0	0	0
d1_2	0.0289878	0.00106675	2.21586e-05	5.45313e-05	1.90903e-05	2.24616e-05	4.57471e-05	3.20615e-05	4.8516e-05	1.48024e-05	3.23937e-05	3.25227e-05	0.00105591	1.82577e-05	1.14903e-05	3.92932e-05	1.86e-05	0.00104922	3.64034e-07	0	0.00568358	9.79324e-06	2.1195e-06	0	0	0.00121645	0.000222139	1.79486e-05	0	0	0	1.4438e-05	2.88374e-06	8.00127e-06	2.59826e-06	8.41702e-06	0	1.3694e-05	0	0	2.15239e-05	0	0	0	8.68726e-06	0	0	1.34335e-05	4.77544e-06	0	0	0	2.27824e-06	0	0	0	0	0	0	0	0	0	0	0	0	0	0	0	0	0	0	0	0	0	0	0	0	0	0	0	0	0	0	0	0	0	0	0	0	0	0	0	0	0	0	0	0	0	0	0	0	0
d1_3	0.0120672	1.63942e-05	4.20731e-05	0.00467122	1.94284e-06	3.6947e-05	3.89517e-05	2.30477e-05	0.000717417	1.31421e-05	1.62934e-06	1.5044e-05	0.000353314	1.69455e-07	3.84556e-05	5.53496e-06	8.57275e-06	0.00101843	1.00957e-05	0.000368182	1.03084e-05	0	0	0	6.07735e-05	0	5.99643e-06	3.48689e-05	0	0	0	0	0	0	0	0	0	0	0	0	0	0	0	0	0	0	0	0	0	0	0	0	0	0	6.83075e-06	0	0	0	0	0	0	0	0	0	0	0	0	0	0	0	0	0	0	0	0	0	0	0	0	0	0	0	0	0	0	0	0	0	0	0	0	0	0	0	0	0	0	0	0	0	0	0
d1_4	0.00386835	0.000261209	1.10856e-05	5.68991e-05	1.97862e-05	1.024e-05	2.71328e-05	2.21467e-05	0.00036801	3.60884e-05	0	3.22492e-07	4.32266e-06	0.00498603	6.41298e-06	0.000367453	0.000686349	1.69161e-05	0.0046267	0	1.14746e-05	0	0.00498407	0	1.35174e-05	0	0.00067503	0.000686163	1.98991e-06	0	0	3.52798e-06	0.00121904	1.76541e-05	0	0	0	0	0	0	0	0	0	0.000529588	0	0	0.00399379	0	0.0012087	0	0	0	0	0	0	0	0	0	0	0	0	0	0	0	0	0	0	0	0.0003462	0	0	0	0	0	0	0	0	0	0	0	0	0	0	0	0	0	0	0	0	0	0	0	0	0	0	0	0	0	0	0	0	0
d1_5	0.00251163	2.91375e-05	0.000533492	0.00208407	2.41442e-05	3.85018e-05	4.19589e-05	1.20289e-05	2.13738e-06	0.00102102	1.14124e-05	1.11673e-05	4.32904e-06	0	5.26009e-06	1.87097e-05	0.000696024	2.51521e-05	0.00399066	2.62787e-05	0	4.16501e-06	3.28899e-07	1.43903e-05	0	6.76724e-07	0.00498204	0	0	1.43754e-05	0	0.000226689	0.000990368	0	0	0	1.42362e-05	0	0.00101393	0	8.81937e-07	0	4.96709e-06	0	0	0	0	0	1.64823e-05	0	0	0	0	0	0	0.000339417	0	0	0	0.000674962	0	0	0	0	0	0	0	0	0	0	0	0	0	0	0	0	0	0	0	0	0	0	0	0	0	0	0	0	0	0	0	0	0	0	0	0	0	0	0	0	0	0
d1_6	0.00665924	0.00103196	7.62757e-06	1.71783e-05	3.69454e-05	1.47291e-05	0.000242196	0.0046497	3.6499e-05	0.00497885	2.46854e-05	1.00289e-05	0.000360877	7.77695e-06	2.77279e-05	0.000220634	1.38976e-05	0	1.12079e-05	0	3.33787e-06	0.000696688	0.00531556	1.18084e-07	9.18267e-06	0.00119767	8.12984e-06	0	0	0	4.16978e-06	0	6.35196e-07	0	0	3.8597e-06	0	0	0	0.00155986	2.29206e-05	0	0	0	0.000356758	0	0	0	0.000659829	0	0	0	0	0	8.98983e-06	0	0	0	0	0	2.55398e-05	0.000659829	1.18051e-05	0.000659829	0	0	0	0	0	0	0	0	0	0	0	0	0	0	0	0	0	0.000529867	0	0	0	0	0	0	0	0	0	0	0	0	0	0	0	0	0	0	0	0
d1_7	0.00234003	1.27783e-05	0.00122555	1.77103e-05	3.80548e-05	0	2.01404e-05	2.66821e-06	2.04657e-05	0.00102178	3.04562e-06	0.000383063	9.60161e-06	0.00123911	0.000869473	0.000576766	1.15757e-05	0.00057398	0.00980154	0	0.00120515	0.00530582	0	0.000557674	0	2.26657e-06	0	0.0049707	0	1.55751e-05	0	0	1.3523e-05	0	8.59516e-06	0.000687731	0	0	1.49182e-07	0	0	3.45517e-06	0.000659829	0	4.77299e-06	2.69302e-05	0	0.000666853	0	0	0.000672076	0.000659829	0.00066406	8.07345e-06	0	0	5.53782e-06	1.99547e-06	0	0	0	0	0	0	0	0	0.000996927	0	0	0	0.00461881	0	0	0	4.24369e-07	0	0	0	0	0	0	0	0	0	0	0	0	0	0	0	1.18343e-05	0	0	0	0	0	0	0	0	0	0	0
d1_8	0.00599832	7.61128e-06	3.16594e-05	4.05134e-05	0	1.46735e-06	5.78656e-05	0.000569743	0.00101562	6.4008e-07	3.2736e-06	0.00519199	2.33971e-05	1.66113e-05	0.00528967	8.40319e-06	0.000659929	0	0	1.29763e-05	0.00055817	1.02129e-05	0.000998649	0	0	2.71319e-05	0	0	0	0	2.78835e-06	0	0	0	0	0	0	0	1.87377e-07	0	0.000204221	0	0	0	0	0.000332956	0	0	0	0	3.621e-07	0.00035508	0	0	0	0	0	0	0	0	0	0	0	0	0	0	0	0	0	0	0	0	0	0	4.98074e-06	0	0	0	0	0	0	0	0	0	0	0	0	0	0	0	0	0	0	0	0	0	0	0	0	0	0	0
d1_9	0.00575211	2.21242e-06	0.000384215	3.0009e-06	1.1107e-05	8.8279e-06	5.30907e-06	2.52664e-06	0.00104312	1.63684e-05	0.000345601	4.68121e-06	0.00532334	2.44341e-05	2.35544e-06	8.8947e-06	0.000668838	1.27915e-05	0.000666186	0	0.00516952	2.55851e-05	0	2.63667e-06	0	2.98043e-06	0	0.000364234	0	1.06596e-05	0	0	0	0	1.34198e-05	0.0010162	0.00463063	0	1.76441e-05	0.00023748	0	0	0	0	0.000674366	0	0.00035658	0.00461881	1.18205e-05	0	0.00496855	0	0	0	0	0	0	0	0	4.85983e-06	1.44631e-06	0	0	0	0	0	0	1.68237e-06	2.38975e-05	0	0	0	0.000989744	0	0	0.000659829	0	0	0	1.57448e-05	0	0	0	0	0	0	0	0	0	0	0	0	0	0	0	0	0	0	0	0	0	0
d1_10	0.00135569	2.24196e-06	5.76577e-06	0.000681299	3.73208e-06	3.70047e-05	6.90379e-06	6.73364e-06	2.3239e-05	1.52065e-06	0.00498418	4.70349e-06	0	1.06545e-05	1.53002e-06	0.00502964	4.50439e-06	0	1.30104e-05	2.14599e-05	0	1.96974e-05	0	0	0	0	1.8658e-05	1.07586e-06	3.68842e-06	0	0	0	0	0.000334785	0	0	0	0.000659829	0	0	0	1.34985e-05	0	0	0	0.000659829	0	0	0	0	0	0	0	0	0	0	0	0	0	0	0	0	0.000340076	0	0	0	0	0	0	0	0	0	0	0	0	0	0	0	0	0	0	0	0	0	0	0	0	0	0	0	0	0	0	0	0	0	0	0	0	0	0	0
d1_11	0.00565857	0	5.5614e-06	2.09675e-05	1.32979e-05	1.49892e-06	4.92666e-08	3.21447e-05	0	0.00104145	1.78986e-06	1.44016e-06	0.000684958	0.000557993	3.17241e-06	2.29703e-05	1.12766e-05	0	2.16305e-05	4.15899e-07	0.00463789	2.15739e-06	3.00064e-06	6.18564e-06	1.99539e-06	0.00120484	0	1.55703e-05	0	0	4.24659e-08	8.58143e-07	0	0.000335233	0	0	5.54709e-07	0	0	0	0.000346562	0	0	0	0	0	0	0	1.9238e-06	0	0	0	0	0	0	0	5.79518e-06	0.00496579	0	0.000666514	0	0	0	1.63288e-05	0.00463515	0	0	0	0	0	0	0	0	0	0	0	0	0	0	0	0	0	0	0	0	0	0	9.05236e-06	0	0	0	0	0	0	0	0	0	0	0	0	0	0
d1_12	0.00108051	2.57677e-05	0	1.61844e-05	1.4624e-05	3.58411e-06	3.37464e-06	1.03528e-05	2.80964e-06	1.34804e-05	3.27207e-06	0.000376394	0.000180198	2.00095e-05	0	0	5.18747e-07	1.68841e-05	5.00472e-07	0	3.6931e-05	0	0	8.61717e-06	0	0.00119283	0	0.00101613	0	0	0	0.000225521	0	0	0	1.74374e-06	0	0	0	0	0	0.00497695	0	0.00102366	0	0	0	0.000677263	0.0046366	0	0.000683391	0	0	0	0	0	0	0	0	0.0006683	1.81313e-05	0	4.86432e-06	0	0	0	0	0	0.00461881	8.96797e-06	0	0	0	0	0	0	0.00462116	6.81172e-06	0	0	0	0	1.02519e-06	0	0	0	0	0	0	0	0	0	0	0	0	0	0	0	0	0	0	0
d1_13	0.000518698	3.63285e-05	8.2674e-06	1.71441e-06	7.07746e-07	7.94171e-06	0	0	0.000329915	3.51019e-05	2.26976e-06	0	3.31928e-05	0.000666055	5.15979e-06	3.37019e-05	0.000220534	0.00516892	0	0	0	0	4.74575e-06	7.99871e-06	0.00795474	0.00517411	0	1.04327e-06	0	1.22247e-05	0	6.13306e-06	0	0	1.71739e-05	4.68888e-07	7.68782e-07	0	0	0	0	0	0	0	0	0	0	0	0	0	0	0	0.000681821	0	0	0	0	0	1.14926e-06	0	0	0	0	0	0	0	0	0	0.000329915	0	0	0	0	0	0	0	6.00702e-06	0.00118769	0.00014879	0	0	0	0	0	0	0	0	0	0	0	0	0	0	0	0	0	0	0	0	0	0	0
d1_14	0.000183502	0	1.04543e-05	6.59133e-06	0	1.48543e-06	0	6.681e-06	2.95763e-05	0.00122282	3.90062e-06	0.000662577	0.00136273	1.09201e-05	0	0	0	5.99045e-06	4.63867e-05	2.13052e-05	0	1.62498e-05	0.000147963	0	0	6.76362e-06	0	3.39315e-06	0.00495674	5.18643e-06	2.45304e-05	0	0	0	7.14448e-06	0.000659829	0	0	0.00461881	0	0.0010764	0.000659829	0	0	3.60771e-06	0.000355635	0	0	0	0	0	0	0.000207386	0	0	0	0	0	0	0	0	0	0.00496074	0	0	0	0	0	0	0	0	0	0	0	0	0	0	0	0	4.68097e-06	0	0	0	0	0	0.00100243	0	0	0	0	0	0	0	0	0	0	0	0	0	0	0	0
d1_15	0.00190824	1.67501e-05	0	2.74448e-05	2.18518e-05	0	0.000679053	0.000349316	0	0.000691734	1.72013e-05	4.41229e-06	1.80259e-06	1.65577e-05	1.09335e-06	0.000548094	2.85679e-06	4.85518e-06	0	0.00100595	0	0	0.000694563	0	0	0	0.00461881	0	0	0	0	0	0	0	1.95701e-05	0	0	0	0	0	1.23189e-05	0	0	1.09994e-05	1.94361e-06	0.000659829	0	0.000347414	0.00560855	0	0.000358151	0	0	0	0	0	0	0	0	0	0	0	0.000659829	0	0	0	0	0	0	0	0	0	0	0	0	0	0	0	0	0	0	0	0	0	0	0	0	0	0	0	0	0	0	0	0	0	0	0	0	0	0	0
d1_16	0.00559267	6.61833e-06	0	0	1.48737e-05	2.35206e-05	8.83159e-06	2.22503e-05	3.67722e-07	0	2.67972e-05	1.33319e-05	1.17956e-05	2.49263e-05	0	2.43913e-05	0.000338055	0	0.000676483	0	0	1.62734e-05	0	0	0	0	0	0.000208781	1.29474e-05	0	5.44783e-06	0	0	0	0.00517087	1.23246e-05	0.00016741	7.36804e-06	0.000329915	0	0	0	0	0	0	0	1.57679e-06	0	0	0	0	0	0	0.000659829	0	0	0	0.000529886	0	0	0	0	0	0	0	0	0	0	0	0	0	0	0	0	0	0	0	0	0	0	0	0	0	0	0	0	0	0	0	0	0	0	0	0	0	0	0	0	0	0	0	0
d1_17	0.00135004	0	0	0	8.83189e-06	1.0129e-05	2.69411e-06	3.24797e-05	2.18669e-05	1.11078e-06	1.93044e-07	1.13473e-05	1.49691e-05	0.00119447	0	0.000335701	5.72953e-06	0	1.37783e-05	0	0	0.0002278	0	0	0	2.17191e-07	2.34097e-07	0	0	0	1.36118e-06	0	0	0	4.95088e-06	8.28807e-06	0	6.23682e-08	0	0	0	0	0	0	0.00494872	0	0	0	0	0	6.97533e-06	0	0	0	0	0	0	0	0	0	0	0	0	0	0	0	0	0	0	0	0	0	0	0	0	0	0	0	0	0	0	0	0	0	0	0	0	0	0	0	0	0	0	0	0	0	0	0	0	0	0	0
d1_18	0.00048358	0	4.80545e-06	3.76339e-05	0	0	0	7.34743e-06	1.32032e-06	0.0002265	1.84165e-05	3.96505e-06	5.63009e-06	0	0	2.25459e-06	0	0	0	8.77673e-06	1.19518e-05	0	0	0	0	2.14834e-05	0	0.000665866	7.06527e-06	0	0	6.76098e-06	1.16645e-06	0	0	0	1.33596e-05	0	0	0	0	5.85578e-07	0	0	0.00461881	0	0.000342638	0	0	3.22356e-07	0	0	0	0	0	0	0.000527864	0	0	0	0	0	0	0	0	0	0	0	0	0	0	0	0	0	0	0	0	0	0	0	0	0	0	0	0	0	0	0	0	0	0	0	0	0	0	0	0	0	0	0	0	0
d1_19	0.000170558	1.06164e-05	0.00137302	1.66578e-06	1.08984e-06	0	6.54651e-06	0.000340338	6.11238e-07	0	0	0	4.84367e-06	1.18513e-05	2.03704e-05	1.46349e-05	0	8.04307e-06	0	0.000995018	0	0.000136254	0	0	0	0	1.90523e-06	0	0	0.000705319	0	0	0	0	5.30399e-06	0	0	1.40533e-05	0	2.77271e-06	0	5.57949e-06	0	0.000346575	0	6.9121e-06	0.000210911	0	5.74358e-07	0	5.67242e-06	0	0	0.000329915	0	0	0	0	0	0	0	0	0.000659829	0	0	0	0	0	0	0	0	0	0	0	0	0.000660675	0	0	0	0	0	0	0	0	0	0	0	0	0	0	0	0	0	0	0	0	0	0	0	0	0	0
d1_20	8.23711e-05	1.03802e-06	0	6.33054e-06	1.94416e-05	1.37995e-05	8.61615e-06	1.04493e-05	1.42082e-05	0.000762649	4.22804e-06	2.91492e-05	1.74687e-05	1.36058e-05	0	0	0.00561349	0	6.46021e-06	0.00463003	2.73134e-06	0.000683049	3.36176e-06	0	0	0	0	0	0.000659829	0.000677481	0	1.19407e-06	1.04409e-05	0	0	0	0	0	0.00398029	0	0	0	0	0	0	0	0	0.00516952	0	0	0.00496901	0	0	0	0	0	0.000998864	0	0	0	0	0	0	0	0	0	0	0	0	0	0	0	0	0	0	0	0	0	0	0	0	0	1.52122e-06	0	0	0	0	0	0	0	0	0	0	0	0	0	0	0	0	0	0	0
d1_21	6.81051e-05	4.29971e-06	1.72813e-07	0.000686286	9.30617e-06	1.1138e-05	0	3.31767e-06	0	0	2.18442e-05	3.84836e-05	1.18935e-05	0	0	0	0	8.96394e-07	5.0564e-06	0.000659829	0	0	0	0	0	0	0	0	0	1.07012e-05	0.00461881	0	0.00461881	0	0	0	0.000693949	0	0	0.00463688	0.000659829	0	4.46621e-06	0	0.000666305	0	2.96317e-06	0	2.24023e-06	0	0	0	0.00034292	0.000215266	0	0	0	0	0	0	0	0	0	0	3.16432e-06	0	0	0	0	0	0	0	0	0	0	0	0	0	0	0	0	0	0	0	0	0	0	0	0	0	0	0	0	0	0	0	0	0	0	0	0	0
d1_22	0.000112772	2.15243e-05	0	1.81034e-05	0	0	0	0	0	0	0.0013519	0	0	0	0	2.35435e-05	2.52631e-05	2.19349e-05	0.000332189	0	0	1.77773e-05	0	0	9.68336e-06	0	0	0.000665906	0.000557	0.000659829	0	0	0	0	0	0	0	0	0	0	0	0	0	0	0	0	6.10973e-06	0	0.000333519	0	0	3.34151e-06	0	4.25312e-06	0	0	0	0	0	0	1.39014e-06	0	0	0	0	0	0	0	0	0	0	0	0	0	0	0	0	0	0	0	0	0	0	0	0	0	0	0	0	0	0	0	0	0	0	0	0	0	0	0	0	0
d1_23	3.29749e-05	0.000332532	0.000556687	0	3.82038e-07	0	0	4.43151e-06	6.49089e-06	0	7.82355e-08	1.83703e-05	0	0	0	0	0.000350275	0	0	0	0.00461881	2.7129e-06	7.18404e-06	0	0	0.000683818	0	0.00563902	8.42598e-06	0	8.94753e-07	0	0	3.95846e-06	1.483e-05	0.000686644	1.81495e-06	0	0	0.000989744	0	0	0	0.000663484	0	2.15631e-06	9.66985e-08	0	0	0	7.57019e-06	0	0	0	2.18892e-06	0	0	0	0	2.50439e-06	0	0	0	0	0	0	0	0	0	0	0	0	0	0	0	0	0	0	0	0	0	0	0	0	0	0	0	0	0	0	0	0	0	0	0	0	0	0	0	0	0	0
d1_24	1.67208e-05	1.75934e-06	1.47085e-06	7.71067e-08	0	0	2.23553e-07	0	2.89196e-06	2.94922e-06	4.46713e-06	3.82511e-06	7.31224e-07	1.02834e-06	0	0.000570962	0	0.000352736	0	8.16666e-06	4.5627e-06	7.94683e-06	0	0	0	0	0	0	0.000233384	0.000992003	0	0.000659829	3.07054e-05	0	0	0	0	0	0	0	0	0	0	0	0	0	0.000659829	0.000338	0.00464009	0	0	0	0	0.000659829	0	0	0	3.49848e-08	0	0	0	1.4581e-06	0	0	0	0	1.37909e-06	0	0	4.21574e-06	0	0	0	0	0	0	0	0	0	0	0	0	0	0	0	0	0	0	0	0	0	0	0	0	0	0	0	0	0	0	0	0
d1_25	0.00400127	0	0.00125962	6.17001e-06	0.000343333	0	9.25024e-07	0	0	0	0	0	0	9.17186e-06	0	0	0	0.00034356	0	0	0	0	0.000997405	0	0	0	0	0	0.000329915	0	0.000664644	0	0	0	0	0.000666083	0	0	0	0	0	0	0	0	0	0.00496906	0.000662917	0	0.00462779	2.13433e-06	0	0	0	0	0	0	0.000680918	0	0	0	0	0.00134399	0.00101456	0	0	0	0	0	0	0	0	0	0	0	0	0	0	0	0	0	0	0	0	0	0	0	0	0	0	0	0	0	0	0	0	0	0	0	0	0	0	0
d1_26	1.08432e-05	0	0	0	1.06961e-06	0	1.33669e-06	3.15939e-05	0	0	0	0.000334448	0	9.9696e-06	3.22426e-06	0	0	0	0.000338633	0	4.56161e-06	0.000340782	0	0	7.48902e-06	0	0.000659829	0	0	0	1.92228e-06	0	0.000666489	0.00067759	0	0	1.77273e-05	2.63188e-06	0	0	7.03934e-06	0.00461881	0.000683208	0	0	1.5419e-06	0	0	0	0	0	0	0	0	0	0	1.26372e-05	3.0889e-06	0	0.00462155	0	0	0	0	9.80855e-07	0	0	0	0	0	0	0	0	0	0	0	0	0	0	0	0	0	0	0	0	0	0	0	0	0	0	0	0	0	0	0	0	0	0	0	0	0
d1_27	4.5689e-06	3.97581e-06	0	0.000694491	1.23338e-05	2.95326e-05	0	2.22075e-05	0	0	0	0	0	7.48645e-07	0	2.4834e-06	0	0	0	0	0	0	0	0	0	0	0	0	0	0.000989744	0	0.000338862	0.00461881	0	0	0.00165078	0	0	0	0	0	0	0	0	8.12268e-06	0.00461881	0	0	0	0	0.00165005	0	0	0	0	0	0	0	0	0	0	0	0	3.21159e-06	0	0	0	0	0	0	0	0	0	0	0	0	0	0	0	0	0	0	0	0	0	0	0	0	0	0	0	0	0	0	0	0	0	0	0	0	0	0
d1_28	4.45542e-05	0	0	0	1.20861e-06	2.94743e-06	0	0	0	1.33407e-05	0	3.25734e-06	0	1.72006e-05	0	0	0	0.00462661	0	0	0	0	2.37891e-06	8.50218e-06	0	0	0.000991285	0	4.29274e-06	0.00102083	0	0	0	0	0	6.05798e-06	0	0	0	0	1.17534e-06	0	2.02322e-05	0	0	0	0.000668585	0.000329915	0	0.000989744	0	0	0	0	0	0	0	0	0	0	0	0	0	0	0	0	0	1.7787e-05	0	0	0	0	0	0	0	0	0	0	0	0	0	0	0	0	0	0	0	0	0	0	0	0	0	0	0	0	0	0	0	0	0	0
d1_29	1.96267e-05	3.04395e-06	1.69397e-05	0	0	0	0	0	0	2.23265e-05	0	0.00102092	0	0	0	0	0	0	0	5.67862e-06	2.49496e-07	0	0.000661757	9.22216e-06	0	0	0	0	0	0	0.00517208	0	0	0	0.00066598	0	7.47633e-06	0	0	0.000344953	0	0	0	0	0	0	0	0	0	0	0	0	0.000341205	0	0	0	0	0	0.00957988	0	0	0	0	0	0	0	0	0	0	0	0	0	0	0	0	0	0	0	0	0	0	0	0	0	0	0	0	0	0	0	0	0	0	0	0	0	0	0	0	0	0	0
d1_30	2.32555e-05	0.00461881	0	0	8.49809e-06	0	4.76169e-06	0	3.66171e-06	1.67166e-05	9.15904e-07	0.00102552	0	0.000349453	2.91033e-06	0	0	0.00461881	0	0	0	0	0	0	0	0	0	0	6.39613e-06	5.25182e-06	0	0	0	9.26096e-07	0	0	7.15471e-07	0	0.000998001	0	0.00164957	0	0	0	0	2.78547e-06	0	0	0	0	0	0	7.77014e-06	0.000224679	0	0	0	0	1.74954e-05	0.000659829	0	0	0	0	0	0	0	0	0	0	0	1.69731e-05	0	0	0	0	0	0	0	0	0	0	0	0	0	0	0	0	0	0	0	0	0	0	0	0	0	0	0	0	0	0
d1_31	3.33253e-06	0	0	0	0	1.77849e-05	0	0	0	0	0	0	0	0	0.00462739	0	0.000673202	0	2.47012e-06	1.99968e-06	0	0	0	0	0	0	0	0	0	0.00927481	0	0	0	0.000204467	0	0	0.000333863	0	0	5.75095e-06	3.54461e-06	0	0	0	0	0	9.71149e-08	0	0	0	9.40626e-06	0	0	0	0	1.08325e-06	0	0	0	0	0	0	0	0	0	0	7.40602e-06	0	0	0	0	0	0	0	0	0	0	0	0	0	0	0	0	0	0	0	0	0	0	0	0	0	0	0	0	0	0	0	0	0	0	0
d1_32	5.01229e-06	0	0	0	0	0	5.5145e-06	0	0	0	0	0	0	0	0	0	9.6094e-06	1.07849e-05	0	0	0	0	0	0	0	1.87266e-06	0	0	0	0	0	0	0	0	0.000354501	0	0	0	0	0	0.000539313	0	6.27782e-06	0	0	0	1.41048e-05	0	0	0	0	0	0	0	0	0	0	0	0	0	0	0	0	0	0	0	0	0	0	0	0	0	0	0	0	0	0	0	0	0	0	0	0	0	0	0	0	0	0	0	0	0	0	0	0	0	0	0	0	0	0	0
d1_33	1.55636e-05	0	0	0	0	1.53549e-06	0.000222263	0	0	1.59441e-05	0	0	0	0	0	0	0	0	0	0	0	0	0	0	0	0	0	2.30012e-06	0	0	0	0	9.79361e-06	0	0.000992769	0	0	0	0	0	0	9.95081e-07	0	0	0.00495103	0	0	0.000218805	0	0	0	0	0	0	0	0	0	0	0	0.00400503	0	0	0	0	0	0	0	0	0	0	0	0	0	0	0	0	0	0	0	0	0	0	0	0	0	0	0	0	0	0	0	0	0	0	0	0	0	0	0	0	0	0
d1_34	2.2526e-05	0	0	0	4.9427e-06	0	0	0.000991358	0	0	0	4.58937e-06	0.000330285	7.58174e-06	0	0	0	4.89367e-06	0	0	0	0	0	0	0.000211274	0	0	0	0	0	0	0	0.00101637	0	1.05453e-06	5.35904e-06	0	0	0	0	0	0	0	0	0	0	0	0	0	0	0	0	0	0	0	0	0	0	0	0	0	0	0	0	0	0	0	0	0	0	0	0	0	0	0	0	0	0	0	0	0	0	0	0	0	0	0	0	0	0	0	0	0	0	0	0	0	0	0	0	0	0
d1_35	1.63165e-06	0	0	4.56708e-06	0	2.69936e-06	0	0	5.85044e-06	0	2.7996e-05	0	0	0	0	0	0	0	0	0	0	0	0	0.000340832	0	0	0	0	0	0	0	0	0	0.000989744	0	0	0	0	0	0	0	6.50918e-06	0	0.000224021	0	0	0	0	0	0	0	0	0	0	0	0	0	0	0	0	0	0	0	0	0	0	0	0	0	0	0	0	0	0	0	0	0	0	0	0	0	0	0	0	0	0	0	0	0	0	0	0	0	0	0	0	0	0	0	0	0	0
d1_36	1.15705e-07	0	0	0	0.000350455	0	0	0	5.00873e-07	0	0	0	0	2.35319e-05	1.24938e-06	0	0	0	1.22266e-05	0.0006826	0	0	0	0	0.000333247	0	0	0	0.000997873	0	0	0	0	0	0	0	3.14844e-06	0	0	0	0	0.000659829	0	0	0	0	0.000540858	0	0.00121556	0	0	0	0	0	0	0	0	0	0	0	0	0	0	0	0	0	0	0	0	0	0	0	0	0	0	0	0	0	0	0	0	0	0	0	0	0	0	0	0	0	0	0	0	0	0	0	0	0	0	0	0	0
d1_37	7.51317e-06	0	0	0	0	0	0	0	0	5.78901e-08	0	0	0	0	9.49299e-06	0	0	0	0	0	0	0.00100506	0	0	0	0.000659829	0	0	0	0	0	0	0.00033893	0	0	0	0	0	0	0.000659829	0	0	0	0	0	0	0	0	0	0	0	0	0	0	0	0	0	0	0	0	0	0	0	0	0	0	0	0	0	0	0	0	0	0	0	0	0	0	0	0	0	0	0	0	0	0	0	0	0	0	0	0	0	0	0	0	0	0	0	0	0	0
d1_38	0	0	0	0	0	0	0	0	0	0	0	5.64597e-06	0	0	0	0	0	0	0	0.000669829	0	0	0	0	0	0	0	0	0	0	0	0	0	0	0	0	0	0	0	0	0	0	0	0	0	0	0	0	0	0	0	0	0	0	0	0	0	0	0	0	0	0	0	0	0	0	0	0	0	0	0	0	0	0	0	0	0	0	0	0	0	0	0	0	0	0	0	0	0	0	0	0	0	0	0	0	0	0	0	0	0	0
d1_39	0	0	0	0	0	0	0	0	0	1.08072e-06	0	0	0.0051603	0	0	0	0.000659829	9.48142e-07	0	0	0	0	0.000329915	0	0	0	0	0	0	0	0	0	0	1.21354e-05	0	0	0	0	0	0	0	0	0	0	0	0	0	0	0	0	0	0	0	0	0	0	0	0	0	0	0	0	0	0	0	0	0	0	0	0	0	0	0	0	0	0	0	0	0	0	0	0	0	0	0	0	0	0	0	0	0	0	0	0	0	0	0	0	0	0	0	0
d1_40	0	0	0	0	0	0	0	0	0	0	0	0.000659829	0	0	6.21436e-06	0	0	0	0	0	0	0	0	0	1.62574e-05	0	0	0	0	0	0	0	0	0	0	0	0	0	0	0	0	0	0	0	0	0	0	0	0	0	0	0	0	0	0	0	0	0	0	0	0	0	0	0	0	0	0	0	0	0	0	0	0	0	0	0	0	0	0	0	0	0	0	0	0	0	0	0	0	0	0	0	0	0	0	0	0	0	0	0	0	0
d1_41	0	0	0	0	0	0	0	0	0	0	0	0	0	0	0	0	0	0	0	6.7578e-06	0	0	0	0	0	0	0	0	0	0	0	0	0	0	0	0	0	0	0	0	0	0	0	0	0	0	0	0	0	0	0	0	0	0	0	0	0	0	0	0	0	0	0	0	0	0	0	0	0	0	0	0	0	0	0	0	0	0	0	0	0	0	0	0	0	0	0	0	0	0	0	0	0	0	0	0	0	0	0	0	0	0
d1_42	0	2.77731e-06	0	0	0	0	3.18446e-06	0	0	5.78031e-06	0	0	0	0.000531406	0	0	0	0	0	0.000663015	0	0	0	0	7.42964e-06	0	0	0	0	0	0	0	0	0	0	0	0	0	0	0	0	0	0	0	0	0	0	0	0	0	0	0	0	0	0	0	0	0	0	0	0	0	0	0	0	0	0	0	0	0	0	0	0	0	0	0	0	0	0	0	0	0	0	0	0	0	0	0	0	0	0	0	0	0	0	0	0	0	0	0	0	0
d1_43	0	0	0	0	0	0	0	0	0	0	0	0	0	0	0	0	0	0	7.82778e-06	0	0	0	0	0	0	0	0	0	0	0	0	0	0	0	0	0	0	0	0	0	0	0	0	0	0	0	0	0	0	0	0	0	0	0	0	0	0	0	0	0	0	0	0	0	0	0	0	0	0	0	0	0	0	0	0	0	0	0	0	0	0	0	0	0	0	0	0	0	0	0	0	0	0	0	0	0	0	0	0	0	0	0
d1_44	3.32168e-05	0	0	0	0	0	0	0	0	0	0	0	9.80337e-06	0	0	0	0	0	0	0	0	0	0.000140975	0	0	0	0	0	0	0	0	0	0	0	0	0	0	0	0	0	0	0	0	0	0	0	0	0	0	0	0	0	0	0	0	0	0	0	0	0	0	0	0	0	0	0	0	0	0	0	0	0	0	0	0	0	0	0	0	0	0	0	0	0	0	0	0	0	0	0	0	0	0	0	0	0	0	0	0	0	0	0
d1_45	0	0	0	0	0	0	0	0	0	0	0	0	0	0	1.57116e-05	0	0	0	0	0	0	0	0	0	0	0	0	0	0	0	0	0	0	0	0	0	0	0	0	0	0	0	0	0	0	0	0	0	0	0	0	0	0	0	0	0	0	0	0	0	0	0	0	0	0	0	0	0	0	0	0	0	0	0	0	0	0	0	0	0	0	0	0	0	0	0	0	0	0	0	0	0	0	0	0	0	0	0	0	0	0	0
d1_46	0	0	0	0	0	0	0	0	0	0	0	0	0	0	0	0	0	0	0	0	0	0	0	0	0	0	0.000673295	0	0	0	0	0	0	0	0	0	0	0	0	0	0	0	0	0	0	0	0	0	0	0	0	0	0	0	0	0	0	0	0	0	0	0	0	0	0	0	0	0	0	0	0	0	0	0	0	0	0	0	0	0	0	0	0	0	0	0	0	0	0	0	0	0	0	0	0	0	0	0	0	0	0	0
d1_47	0	0	0	0	0	0	0	0	0	0	0	0	0	0	0	0	0	0	0	0	0	0	0	0	0	0	0	0	0	0	0	0	0	0	0	0	0	0	0	0	0	0	0	0	0	0	0	0	0	0	0	0	0	0	0	0	0	0	0	0	0	0	0	0	0	0	0	0	0	0	0	0	0	0	0	0	0	0	0	0	0	0	0	0	0	0	0	0	0	0	0	0	0	0	0	0	0	0	0	0	0	0
d1_48	0	0	0	0	0	0	0	0	0	0	0	0	0	0	0	0	0	0	0	0	0	0	0	0	0	0	0	0	0	0	0	0	0	0	0	0	0	0	0	0	0	0	0	0	0	0	0	0	0	0	0	0	0	0	0	0	0	0	0	0	0	0	0	0	0	0	0	0	0	0	0	0	0	0	0	0	0	0	0	0	0	0	0	0	0	0	0	0	0	0	0	0	0	0	0	0	0	0	0	0	0	0
d1_49	0	0	0	0	0	0	0	0	0	0	0	0	0	0	0	8.68891e-06	0	0	0	0	0	0	0	0	0	0	0	0	0	0	0	0	0	0	0	0	0	0	0	0	0	0	0	0	0	0	0	0	0	0	0	0	0	0	0	0	0	0	0	0	0	0	0	0	0	0	0	0	0	0	0	0	0	0	0	0	0	0	0	0	0	0	0	0	0	0	0	0	0	0	0	0	0	0	0	0	0	0	0	0	0	0
d1_50	0	0	0	0	0	0	0	0	0	0	0	0	0	0	0	0	0	0	0	0	0	0	0	0	0	0	0	0	0	0	0	0	0	0	0	0	0	0	0	0	0	0	0	0	0	0	0	0	0	0	0	0	0	0	0	0	0	0	0	0	0	0	0	0	0	0	0	0	0	0	0	0	0	0	0	0	0	0	0	0	0	0	0	0	0	0	0	0	0	0	0	0	0	0	0	0	0	0	0	0	0	0
d1_51	0	0	0	0	0	0	0	0	0	0	0	0	0	0	0	0	0	0	0	0	0	0	0	0	0	0	0	0	0	0	0	0	0	0	0	0	0	0	0	0	0	0	0	0	0	0	0	0	0	0	0	0	0	0	0	0	0	0	0	0	0	0	0	0	0	0	0	0	0	0	0	0	0	0	0	0	0	0	0	0	0	0	0	0	0	0	0	0	0	0	0	0	0	0	0	0	0	0	0	0	0	0
d1_52	0	0	0	0	0	0	0	0	0	0	0	0	0	0	0	0	0	0	0	0	0	0	0	0	0	0	0	0	0	0	0	0	0	0	0	0	0	0	0	0	0	0	0	0	0	0	0	0	0	0	0	0	0	0	0	0	0	0	0	0	0	0	0	0	0	0	0	0	0	0	0	0	0	0	0	0	0	0	0	0	0	0	0	0	0	0	0	0	0	0	0	0	0	0	0	0	0	0	0	0	0	0
d1_53	0	0	0	0	0	0	0	0	0	0	0	0	0	0	0	0	0	0	0	0	0	0	0	0	0	0	0	0	0	0	0	0	0	0	0	0	0	0	0	0	0	0	0	0	0	0	0	0	0	0	0	0	0	0	0	0	0	0	0	0	0	0	0	0	0	0	0	0	0	0	0	0	0	0	0	0	0	0	0	0	0	0	0	0	0	0	0	0	0	0	0	0	0	0	0	0	0	0	0	0	0	0
d1_54	0	0	0	0	0	0	0	0	0	0	0	0	0	0	0	0	0	0	0	0	0	0	0	0	0	0	0	0	0	0	0	0	0	0	0	0	0	0	0	0	0	0	0	0	0	0	0	0	0	0	0	0	0	0	0	0	0	0	0	0	0	0	0	0	0	0	0	0	0	0	0	0	0	0	0	0	0	0	0	0	0	0	0	0	0	0	0	0	0	0	0	0	0	0	0	0	0	0	0	0	0	0
d1_55	0	0	0	0	0	0	0	0	0	0	0	0	0	0	0	0	0	0	0	0	0	0	0	0	0	0	0	0	0	0	0	0	0	0	0	0	0	0	0	0	0	0	0	0	0	0	0	0	0	0	0	0	0	0	0	0	0	0	0	0	0	0	0	0	0	0	0	0	0	0	0	0	0	0	0	0	0	0	0	0	0	0	0	0	0	0	0	0	0	0	0	0	0	0	0	0	0	0	0	0	0	0
d1_56	0	0	0	0	0	0	0	0	0	0	0	0	0	0	0	0	0	0	0	0	0	0	0	0	0	0	0	0	0	0	0	0	0	0	0	0	0	0	0	0	0	0	0	0	0	0	0	0	0	0	0	0	0	0	0	0	0	0	0	0	0	0	0	0	0	0	0	0	0	0	0	0	0	0	0	0	0	0	0	0	0	0	0	0	0	0	0	0	0	0	0	0	0	0	0	0	0	0	0	0	0	0
d1_57	0	0	0	0	0	0	0	0	0	0	0	0	0	0	0	0	0	0	0	0	0	0	0	0	0	0	0	0	0	0	0	0	0	0	0	0	0	0	0	0	0	0	0	0	0	0	0	0	0	0	0	0	0	0	0	0	0	0	0	0	0	0	0	0	0	0	0	0	0	0	0	0	0	0	0	0	0	0	0	0	0	0	0	0	0	0	0	0	0	0	0	0	0	0	0	0	0	0	0	0	0	0
d1_58	0	0	0	0	0	0	0	0	0	0	0	0	0	0	0	0	0	0	0	0	0	0	0	0	0	0	0	0	0	0	0	0	0	0	0	0	0	0	0	0	0	0	0	0	0	0	0	0	0	0	0	0	0	0	0	0	0	0	0	0	0	0	0	0	0	0	0	0	0	0	0	0	0	0	0	0	0	0	0	0	0	0	0	0	0	0	0	0	0	0	0	0	0	0	0	0	0	0	0	0	0	0
d1_59	0	0	0	0	0	0	0	0	0	0	0	0	0	0	0	0	0	0	0	0	0	0	0	0	0	0	0	0	0	0	0	0	0	0	0	0	0	0	0	0	0	0	0	0	0	0	0	0	0	0	0	0	0	0	0	0	0	0	0	0	0	0	0	0	0	0	0	0	0	0	0	0	0	0	0	0	0	0	0	0	0	0	0	0	0	0	0	0	0	0	0	0	0	0	0	0	0	0	0	0	0	0
d1_60	0	0	0	0	0	0	0	0	0	0	0	0	0	0	0	0	0	0	0	0	0	0	0	0	0	0	0	0	0	0	0	0	0	0	0	0	0	0	0	0	0	0	0	0	0	0	0	0	0	0	0	0	0	0	0	0	0	0	0	0	0	0	0	0	0	0	0	0	0	0	0	0	0	0	0	0	0	0	0	0	0	0	0	0	0	0	0	0	0	0	0	0	0	0	0	0	0	0	0	0	0	0
d1_61	0	0	0	0	0	0	0	0	0	0	0	0	0	0	0	0	0	0	0	0	0	0	0	0	0	0	0	0	0	0	0	0	0	0	0	0	0	0	0	0	0	0	0	0	0	0	0	0	0	0	0	0	0	0	0	0	0	0	0	0	0	0	0	0	0	0	0	0	0	0	0	0	0	0	0	0	0	0	0	0	0	0	0	0	0	0	0	0	0	0	0	0	0	0	0	0	0	0	0	0	0	0
d1_62	0	0	0	0	0	0	0	0	0	0	0	0	0	0	0	0	0	0	0	0	0	0	0	0	0	0	0	0	0	0	0	0	0	0	0	0	0	0	0	0	0	0	0	0	0	0	0	0	0	0	0	0	0	0	0	0	0	0	0	0	0	0	0	0	0	0	0	0	0	0	0	0	0	0	0	0	0	0	0	0	0	0	0	0	0	0	0	0	0	0	0	0	0	0	0	0	0	0	0	0	0	0
