	d0_0	d0_1	d0_2	d0_3	d0_4	d0_5	d0_6	d0_7	d0_8	d0_9	d0_10	d0_11	d0_12	d0_13	d0_14	d0_15	d0_16	d0_17	d0_18	d0_19	d0_20	d0_21	d0_22	d0_23	d0_24	d0_25	d0_26	d0_27	d0_28	d0_29	d0_30	d0_31	d0_32	d0_33	d0_34	d0_35	d0_36	d0_37	d0_38	d0_39	d0_40	d0_41	d0_42	d0_43	d0_44	d0_45	d0_46	d0_47	d0_48	d0_49	d0_50	d0_51	d0_52	d0_53	d0_54	d0_55	d0_56	d0_57	d0_58	d0_59	d0_60	d0_61	d0_62	d0_63	d0_64	d0_65	d0_66	d0_67	d0_68	d0_69	d0_70	d0_71	d0_72	d0_73	d0_74	d0_75	d0_76	d0_77	d0_78	d0_79	d0_80	d0_81	d0_82	d0_83	d0_84	d0_85	d0_86	d0_87	d0_88	d0_89	d0_90	d0_91	d0_92	d0_93	d0_94	d0_95	d0_96	d0_97	d0_98	d0_99	d0_100	d0_101
d2_0	0	0.138321	0.0321645	0.0155557	0.00634484	0.0114531	0.00340539	0.00439451	0.00198578	0.00175066	0.00676944	0.00295098	0.00159977	0.0156306	0.000324339	0.00917936	0.0016452	0.00599529	0.00214775	0.00116176	0.00277309	0.00138743	0.00135297	0.00550439	0.000118571	0.000115802	0.00159348	0.00103819	5.52583e-05	7.81404e-05	0.00105007	2.00575e-05	4.133e-06	0.00100993	0.00505672	3.09333e-05	0.00036167	0.000163097	0	2.67849e-05	6.83848e-05	1.45213e-05	0	0.000975334	0.000951753	0	0.000215432	0.000317251	0	0.00127373	0	3.74526e-06	0.00117393	8.04097e-07	0	0	0	0	0.000951753	0	0	0	0	0	0	0	0	0	0	0	0	0	0	0	0	0	0	0	0	0	0	0	0	0	0	0	0	0	0	0	0	0	0	0	0	0	0	0	0	0	0	0
d2_1	0.0636737	2.27815e-05	9.27433e-06	3.54774e-06	1.91438e-05	1.01714e-05	5.4425e-06	4.00534e-05	1.94629e-05	0.00480816	1.08249e-05	1.31216e-05	1.79884e-05	9.67245e-06	1.63801e-06	8.95306e-06	1.05217e-05	0	0	0.00020542	1.8567e-05	0	3.69115e-06	0.000966456	0	2.35453e-05	0	0	0.000744139	1.20141e-05	0	1.50683e-05	0	0	6.29287e-06	1.37746e-05	0.00478064	0	0	0	0.000972805	0	0	0	0	0	0	0	0	0	0	0	0	0	0	0	0	0	0	0	0	0	0	0	0	0	0	0	0	0	0	0	0	0	0	0	0	0	0	0	0	0	0	0	0	0	0	0	0	0	0	0	0	0	0	0	0	0	0	0	0	0
d2_2	0.0232736	0.00581508	2.33512e-05	6.02813e-05	0.00927913	9.06335e-07	0.00499762	0	1.17574e-05	2.97525e-05	0.00067869	2.92534e-05	0	0	3.0015e-06	6.50202e-06	5.70306e-06	0	0.000342712	1.50188e-06	0	1.08499e-05	0.000336069	2.51178e-06	0.00445627	0	0	7.43917e-06	1.03743e-05	0	0.000333486	4.66901e-07	0	3.08128e-07	1.65352e-06	0.000121651	3.76876e-05	0	1.0607e-05	0	0	0	0	0	0	0	0	0	0	0	0	0	0	0	0	0	0	0	0	0	0	0	0	0	0	0	0	0	0	0	0	0	0	0	0	0	0	0	0	0	0	0	0	0	0	0	0	0	0	0	0	0	0	0	0	0	0	0	0	0	0	0
d2_3	0.0121643	0.0013183	4.98252e-06	3.55411e-05	1.73503e-05	2.1709e-05	6.65295e-07	2.01077e-05	1.73806e-05	1.80398e-06	0	9.09537e-06	0.00146444	0.00444151	5.7737e-07	3.77786e-06	1.2094e-05	0	2.21572e-06	6.71618e-06	1.02397e-05	0	0	1.89885e-06	1.14337e-05	0	0	8.20531e-06	0	8.49172e-06	6.22562e-06	0	0	1.197e-05	0	0	0	0	0	0	0	0	6.36522e-06	9.09464e-07	0	0.00116835	0	9.74041e-06	0	0	0	0	0	5.62379e-06	0	0	0	0	0	0	0	0	0	0	0	1.37072e-05	0	0	0	0	0	0	0	0	0	0	0	0	0	0	0	0	0	0	0	0	0	0	0	0	0	0	0	0	0	0	0	0	0	0	0	0
d2_4	0.0113868	0.000639472	4.48726e-05	0.00482648	0.00117764	0.000683958	4.70446e-07	0.000996393	0.000662618	1.25633e-05	7.90759e-06	0.000359836	8.0729e-07	0.000680015	0	0	0	1.13776e-05	7.80843e-06	0	2.71523e-05	0.000639125	0	5.74906e-06	6.75477e-06	1.73845e-05	5.43551e-06	0	0	0	0	0.00383319	5.96825e-06	0	0	1.74856e-06	0.000969362	0	0	2.47603e-06	0	0	0	0	0	0	0	0	0	0	0	0	0	0	0	0	0	0	0	0	0	0	0	0	0	0	0	0	0	0	0	0	0	0	0	0	0	0	0	0	0	0	0	0	0	0	0	0	0	0	0	0	0	0	0	0	0	0	0	0	0	0
d2_5	0.00849488	2.99888e-05	1.86615e-05	2.17007e-05	1.44249e-05	4.81906e-06	7.15178e-06	1.88458e-05	8.3566e-06	1.89044e-05	4.56239e-07	2.49866e-05	3.62157e-09	1.04401e-05	1.45508e-05	3.42866e-05	2.1132e-05	1.45575e-06	6.72144e-06	0.000658206	4.2943e-06	0	5.22079e-05	6.29531e-06	0	3.1005e-08	0	0.00033696	0	0	0	0	0	0	1.0888e-05	0	0	0.000335937	1.18806e-05	0	0	0	0	0.000634502	1.06216e-06	0	0	0	0	0	0	0	0	0	0	0	0	3.76389e-06	0	0.000333937	0	0	0	0	0	0	0	0	0	0	0	0	0	0	0.000345703	0	0	0	0	0	0	0	0	0	0	0	0	0	0	0	0	0	0	0	0	0	0	0	0	0	0	0
d2_6	0.00439059	1.83848e-05	5.03209e-05	1.21178e-05	0	3.22219e-05	0.00479762	0.00100158	0	5.49646e-05	1.49768e-06	0	0	3.2473e-08	0	9.04679e-06	0	0	0	4.14022e-06	0	6.5291e-06	0	5.83973e-06	1.34535e-05	0.00130573	0	2.95121e-06	4.82427e-06	1.04223e-06	0	0	0.000642098	5.70671e-06	1.95471e-05	0	2.33445e-06	0	2.58123e-06	2.00597e-06	0.000343114	1.90837e-05	1.06607e-05	0.000535056	1.62003e-06	0	0	0	0	2.10731e-05	0	0	0	0	0	0	0.000317251	0	0	0	0	0	1.96393e-07	0	0	0	0	0	0	0	0	0	0	0	0	0	0	0	0	0	0	0	0	0	0	0	0	0	0	0	0	0	0	0	0	0	0	0	0	0	0	0
d2_7	0.0023955	8.35369e-06	3.21842e-05	3.14421e-05	2.70362e-05	0	7.42925e-06	9.40497e-06	1.45302e-05	0	3.11836e-05	0.000387083	3.3076e-06	0.000219877	2.51874e-06	0.000326797	2.81386e-06	2.02618e-06	0.000637269	0	3.86415e-06	3.33575e-06	0.000317251	1.14277e-05	2.30952e-05	0	0.000317251	0	0	0	2.6631e-05	0.00096426	0	0.000962447	2.23279e-06	0	0	0	7.48692e-06	1.74609e-05	1.76237e-05	6.53836e-06	0	0	0	0	0.000320536	0	0	0	0	0	5.53388e-07	0	0	0	0	0	0	0	0	0	0	0	0	0	0	0	0	0	0	0	0	0	0	0.000637249	0	0	0	0	0	0	0	0	0	0	0	0	0	0	0	0	0	0	0	0	0	0	0	0	0	0
d2_8	0.00655923	3.80795e-06	1.02306e-05	1.85176e-05	0.000363332	9.91257e-06	8.38355e-06	0.000237632	0.00119728	0	2.43828e-05	3.53959e-06	4.89011e-07	0	3.82172e-06	1.92731e-05	0.000158994	2.65749e-05	1.50798e-06	0	0	1.06561e-06	0.00115722	0	3.13266e-06	0.000351589	0	0	0	1.34877e-06	0	0.00120622	0	0	0	1.10776e-06	0	0	0	0	0	0.00510616	0	0	0	0	0	0	0	0	0	0	0	1.1239e-05	0	0	0	0	0	0	0	0	0	0	0	0	0.00444151	0	0	0	0	0	0	0	0	0	0	0	0	0	0	0	0	0	0	0	0	0	0	0	0	0	0	0	0	0	0	0	0	0	0	0
d2_9	0.000846022	6.2172e-06	3.04607e-07	1.30873e-05	9.05601e-06	1.03924e-05	6.16277e-05	0	3.17386e-05	2.17865e-05	0	0	2.38413e-06	0	9.63501e-06	1.58955e-05	1.51039e-05	9.94084e-05	0	0	7.15856e-06	2.13709e-06	0	0	0.000958205	9.94246e-06	0	0	3.05535e-08	0.000652369	0	0.00480166	1.67255e-05	0.000958976	0	0	0.000989034	3.05775e-06	0	0	0.000321237	0	0	1.16189e-06	0	0	0	0	0	0	0	0	0	0	0	0	0	0	0	0	0	0	0	0	0	0	0	0.000508065	0	0	0	0	0	0	5.60529e-06	0	0	0	0	0	0	0	0	0	0	0	0	0	0	0	0	0	0	0	0	0	0	0	0	0	0	0
d2_10	0.00100751	3.64669e-06	0.000160037	3.13559e-06	4.41702e-06	0.000669091	2.74444e-05	0.000652059	1.41596e-05	1.08951e-06	5.87914e-06	0.000523581	0	4.99165e-05	0.000210612	0	0	0	0	0.000349502	2.11331e-05	0	2.42682e-05	0	0.000106641	8.50238e-06	0	0	0.000963333	0	4.29001e-07	0	0	0	9.30807e-06	0	0	0	0	0	0	0	0	1.27919e-06	1.04382e-06	0	0	0.000656479	0	0	0	0	0	0	0	0	0	0	0.000956417	0	0	0	0	0	0	0	0	0	0	0	0	0	0	0	0	0	0	0	0	0	0	0	0	0	0	0	0	0	0	0	0	0	0	0	0	0	0	0	0	0	0	0
d2_11	0.00209679	4.28522e-06	0.000549068	0.000356127	0	1.57325e-06	0	2.05453e-06	7.45595e-06	0.000666221	1.68745e-05	0	1.00308e-05	2.44779e-06	0	0.0011794	0.00496282	4.85686e-06	0	2.47757e-05	2.45656e-05	4.47129e-06	0.000319232	0	0	0	1.88895e-05	0	0	0.00444151	0	0	0.000341174	9.25409e-06	0	0	0	0	0	0	0	0	8.53171e-06	0	0.000969679	0.00032119	0.00034898	2.83943e-05	0	0	0.00444151	0	0	0	0	0	0.000191339	0	0	0	0	0	0	0	0	0	0	0	0.000328936	0	0	0	0	0	0	0	0	0	0	0	0	0	0	0	0	0	0	0	0	0	0	0	0	0	0	0	0	0	0	0	0	0
d2_12	0.00113715	0	8.25043e-06	0.000658804	5.67717e-06	0.000992277	2.50247e-05	0.000653359	0	0	0.000974574	3.32657e-05	0	0	0	3.43462e-06	0	3.14463e-06	0	6.62128e-07	0	0	0.00477884	0	0	0	0.00444151	0	0.000634502	0	7.38538e-06	0	0	0	0	0.0044485	1.72495e-05	4.32701e-06	0	1.2807e-05	0	0	0	0	0	0	0.0049574	0	0.000322247	0	0	0	0.000635088	1.23896e-05	0	0	0	0	0	0	0	0	0.000508992	0	0	0	0	0	0	0	0	0	0	0	0	0	0	0	0	0	0	0	0	0	0	0	0	0	0	0	0	0	0	0	0	0	0	0	0	0	0	0
d2_13	0.000462746	6.01316e-07	9.428e-06	0.0051007	9.46643e-06	0	6.81006e-07	0	8.88016e-06	7.04643e-06	0	0	8.91324e-06	1.7342e-05	0.000958249	1.49536e-05	1.23512e-06	0.000977485	0	0.00444527	0	0	0.000360909	0	1.91624e-05	0	0	0	0.000201155	0.00476465	0	2.45096e-05	0	0	0	0	0	8.00714e-06	0	0	0	0	1.0907e-05	0	0	0	0	0	0	0	8.28198e-06	2.43783e-06	0.00444468	1.36846e-05	0.000968382	0.00444151	0	0	0	0	0	0	0	9.17157e-06	0	0	0	0	0	0	0.000324283	0	0	0	0	0	0	0	0	0	0	0	0	0	0	0	0	0	0	0	0	0	0	0	0	0	0	0	0	0	0	0
d2_14	0.00201581	3.03678e-05	0	0.00116607	3.1249e-07	5.47144e-07	5.63676e-06	0.000197587	0.0047784	1.00077e-07	0	0	0.00130439	0	0.000325984	1.49785e-05	0.000548863	1.29296e-05	0.00480816	0	0	4.0702e-06	5.08607e-07	0	2.04251e-06	0	0	0	0	0	9.20876e-06	1.24407e-05	4.06005e-06	1.04908e-05	0	5.56505e-06	0.00114658	0	0	0	0	0	0	1.2326e-06	0	0.000951753	0	0	0.000634502	0	1.32581e-06	0	0	0.000637034	0	0	0	0	0	0	0	0.00444151	0	0	0	0	0	0	0	0	1.35478e-05	0	0	0	0	0.000323493	0.000634502	0	0	0	0	0	0	0	0	0	0	0	0	0	0	0	0	0	0	0	0	0	0	0	0	0
d2_15	0.00152575	0	1.25836e-05	1.14987e-06	7.06198e-06	1.02394e-05	0.000337138	1.48084e-05	0	3.96725e-06	4.27206e-06	3.40115e-05	3.94659e-06	0.000123962	0	1.79669e-05	0	0.000331985	0	0	0	0	0.000634502	0	0	0	0	0	0	0	0	0	3.69626e-07	0	1.88282e-06	0.000639471	0	0	0	0	0	0	0	0	0	0	0	0	0	0	0.000634502	0	1.60707e-05	0	0.00127134	0	0	0	0	0	0	0	0	0	0	0	0	0	0	0	0	0	0	0	0	0	0	0	0	0	0	0	0	0	0	0	0	0	0	0	0	0	0	0	0	0	0	0	0	0	0	0
d2_16	0.00194867	1.41781e-05	1.31658e-06	0.000342196	4.02345e-06	5.76302e-06	3.53231e-05	0.000350194	0	0.00444404	5.46953e-06	1.19567e-05	0	0.00173045	2.95815e-06	3.58819e-06	3.55091e-06	0	0	1.18907e-05	0	0	0.000634502	0.00477529	0.000969817	2.98316e-06	0	0	0.00163246	0	0	0	0	0.00477457	3.22842e-06	0.000968158	0	0.00475877	0	0	0.000634502	0	6.10854e-06	0	0	0	0	0	0	0	0	0	0	0	0	0	0	0.000319894	0.000222989	0	0	0.000209502	1.14006e-06	0	0	0	0	0	0	0	0	0	0	0	0	0	0	0	0	0	0	0	0	0	0	0	0	0	0	0	0	0	0	0	0	0	0	0	0	0	0	0
d2_17	0.000184091	1.1238e-05	7.11591e-06	0	0	8.12738e-06	2.55083e-05	0	3.72863e-06	2.15729e-06	0.00217197	0.000207695	0	0	0	0	6.02031e-06	9.17118e-06	0	0.000215537	0	0.00444877	0	0	0	2.27312e-06	0	0	0	0	0	3.65568e-06	0	0	0	0	0	0	0	0.000317251	0	0	0	0	0	0	0	0	0	2.04144e-06	0	0	0	0	0	0	0	0	0	0	0	0	0.000333877	0	0	0	0	0	0	0	0	0	0	0	0	0.000634502	0	0	0	0	0.00446247	0	0	0	0	0.000963828	0	0	0	0	0	0	0	0	0	0	0	0	0	0	0	0
d2_18	0.000612062	0	0	0	2.58668e-06	0	0	3.42944e-05	0	0	0	0	0	0.00076656	0	0	4.23135e-06	9.49233e-07	0.000656122	0	0.000225555	0	2.00647e-05	0	7.72761e-06	0	0.000634502	0	2.72739e-06	0	6.20917e-07	4.98226e-06	0	2.39987e-06	0	0	4.05943e-06	0	0	0	0	0	0	0	0	0	0	0	0	0	0.0012833	0	0	0	0	0.00444151	0	0	0	0	0	0	0	0	0	0	0	0	0	0	0	0	0	0	0	0	0	0	0	0	0	0	0	0	0	0	0	0	0	0	0	0	0	0	0	0	0	0	0	0	0	0
d2_19	0.00145997	0	2.35785e-07	3.00972e-06	0.000360107	0	1.06102e-05	8.43549e-06	0.00129022	3.19594e-06	2.18043e-06	1.17519e-05	9.50489e-06	4.41161e-07	0	0.00541642	0	0	0	0	4.9261e-06	0	6.86397e-06	0	0	0	1.22513e-05	0	0	0	0	0	7.22787e-06	0	0	0	0	0	0	0	0	0.000634502	0	0	0	9.85574e-06	0	0	0	0.000634502	0	0	0	0	0	0	0	0.000653808	0	0	0	0	0	0	0	1.39943e-05	0	0	0	0	0	0	0	0	1.31249e-06	0	0	0	0	0	0	0	0	0	0	0	0	8.56718e-06	0	0	0	0	0	0	0	0	0	0	0	0	0	0
d2_20	0.000440824	0	5.0593e-07	2.41342e-05	1.84255e-06	0.000235032	0	0.00497185	5.79724e-06	0	0	0	1.01576e-06	1.58073e-05	0	0.00498251	1.32427e-05	0	0	2.31366e-05	0	0.00445604	0.000136301	0.000640513	0	0	0.000326194	0	0	0	0	0	0	0	0	0	0	0	0	0	0	0	0	3.20201e-06	0	0	0	0	0	0	0	0	0	0	0.000951753	0	0	4.16151e-06	1.21652e-05	0.000634502	0	7.40382e-06	0	0	0	0	0	0	0	0	0	0	0	0	0	0	0	0	0	0	0	0	0	0	0	0	0	0	0	0	0	0	0	0	0	0	0	0	0	0	0	0
d2_21	0.000157994	0.000167251	4.05639e-06	0	7.83375e-09	0.000245548	0.00117704	0	0.000317251	0	0	0	0.000346704	0	0	0	0.000219677	0	0	0	0	0	0	9.97717e-06	0	0	0	0	0	0	0	0	0	0	0	0	0	0	0.000329482	0	0.000634502	0	0	0	0	0	0	0	0	0	0	0	0	0	0	0	0	0	0	0	0	0	0	0	0	0	4.12228e-06	0	0	0	0	0	0	5.2595e-06	0	0	0	0	2.85741e-06	0	0	0	0	0	0	0	0	0	0	0	0	0	0	0	0	0	0	0	0	0	0	0
d2_22	0.000102677	5.88101e-07	1.28206e-05	0	9.44959e-06	2.44353e-06	5.4217e-06	3.82553e-06	0.000236042	0	1.01151e-05	4.70196e-08	9.00723e-06	0	0	3.91475e-06	0	0	0.00064072	3.65933e-06	4.75279e-06	9.68535e-06	0	3.81777e-05	0.000656376	0	0	8.60883e-07	0	0	6.84183e-07	0.000634502	0	0.0047831	0	0	0	0	7.11592e-06	0	0	1.61042e-05	1.12565e-05	0	0	0	0	2.2847e-05	0	0	0.00444151	0	0	0	0	0	0	0	0.00115481	0	0	0	0	0	0	0.0038157	0	0	0	0	0	0	0	0	0	0	0	0	0	0	0	0	0	0	2.44888e-05	0	0	0	0	0	0	0	0	0	0	0	0	0	0	0	0	0
d2_23	0.00169744	1.07966e-06	0	5.36371e-06	0	0.000656168	2.05687e-06	3.92562e-05	0	0	0	8.95329e-06	0	8.29583e-06	0	1.25809e-06	4.7771e-06	0.00985424	9.24028e-06	0	0	0	0	0	0	0	0	0	0	0	0	0	0	2.37097e-06	0	0.00096893	0.000952502	0.00066128	0	0.000959374	1.0014e-06	0	0	0	0	0	0	0	0	0	0.00444517	0	0	0	0	0	0	0.00444151	1.28307e-05	0.000332071	0	0	0	0	1.46406e-05	0	0	0	0.00383356	0	0	0	0	0	0	0	1.01846e-06	0	0	4.34791e-07	0	0	0	0	3.70386e-06	0	0	0	0	0	0	0	0	0	0	0	0	0	0	0	0	0
d2_24	0.000322617	0	0	0	1.2533e-05	0	0	0	0	4.73638e-07	9.62761e-06	0	7.39389e-07	0	0	0.000331004	0	2.6804e-06	4.62341e-06	0	0	1.20414e-06	0	0	5.73758e-06	5.74951e-06	0	0	0	0	0	0	4.02856e-06	1.64252e-06	1.77384e-05	0	0	0	0	0	0	0	0	0	0	0	0	0	0	1.79444e-05	0.00446901	0	0	0	0	0	0	0	0	0	0	9.65606e-06	0	0	0	0	0	0	0	0	0	0	0	0	0	0	0	0	0	0	0	0	0	0	0	0	0	0	0	0	0	0	0	0	0	0	0	0	0	0	0	0
d2_25	0.000121019	0	1.7027e-07	1.68117e-06	4.15261e-07	7.1422e-06	0	0	2.26113e-05	0	6.45847e-06	0.00446549	0.000131637	0	0	0.00063602	0	0	7.15893e-06	0	1.25163e-05	0.000634502	0	6.74908e-06	0	1.04208e-06	0	0	0	0	0	0	0	0	7.65478e-06	0	0	0	0	6.62264e-06	0	5.53064e-07	6.5544e-06	0	0	0	0	0	0	0	0	0	0	0.000966377	0	0.00115447	0	0	0	0	0	0	0	0	0	0	0	0	0	0	0	0	0	0	0	0	0	0	0	0	0	0	0	0	0	0	0	0	0	0	0	0	0	0	0	0	0	0	0	0	0	0
d2_26	0.000260532	0	0.000205096	0	0	0	0.000901974	2.15241e-05	0	0.00117494	0	3.07626e-07	0	0	0	0.00444151	9.09045e-06	0	1.14136e-06	0	0.00541915	0	0	6.68677e-06	0	0	0	0.000334179	0	0.00494912	2.56495e-06	0	0	0	0	0	0	0	0.000328968	0	0	0	0.000326325	0	0	0	0	0	0	0.000634502	0	0	0	0	0	0	0	0	0	0	0.000317251	0	0	0	0	0	0	0	0	0	0	0	0	0	0	0	0	0	0	0	0	0	0	0	0	0	0	0	0	0	0	0	0	0	0	0	0	0	0	0	0	0
d2_27	8.70907e-05	0	6.21802e-06	3.36877e-06	0	0	0	0	1.05249e-05	0	0	0	0	0	0	7.67409e-06	0.000507602	0.00497423	0	9.11574e-06	0	0	0	3.00693e-07	0	1.57573e-05	0	0	1.71016e-05	0	0	0	0	0	0.00444151	0	0.000351096	0	4.36826e-06	0	0	0	0	0	0.00097019	0	0	0.0001269	0	0.000120091	0	0	0	0	0.000951753	0	0	0	0	0.000512964	0	5.94605e-06	0	0	0	0	0	0	0	0	0	0	0	0	0	0	0	6.31703e-06	3.18298e-07	0	0	0	0	0	0	0	0	0	0	0	0	0	0	0	0	0	0	0	0	0	0	0
d2_28	2.80426e-05	0	0	0	0.000538389	0	0	0	0	0	4.63982e-06	0	0	0	0	0	0	0	0	0	0	0	0	0	0	0	0	0	0	3.80466e-06	1.81488e-05	0.000320684	0	0	0	0.00508027	0	0	4.31555e-06	0	0	0	0	0	0	0	0	0	0	0	0.000961099	0	0	0	0	0	0	0	0	0	0	0	0	0	0	0	0	0	2.87487e-06	0	0	0	0	0	0	0	0	0	0	0	0	0	0	0	0	0	0	0	0	0	0	0	0	0	0	0	0	0	0	0	0	0
d2_29	0.000362702	0	7.3853e-06	1.97712e-06	3.16464e-06	0	4.25974e-06	3.99093e-06	0	0	0	0	0	0	9.81871e-07	3.66072e-07	0	0	0	0	0	0	0.000317251	0	0	0	0	0	0	0	0	0	0	0	0	0	0	0	0	0	0	0	0	0	0	0	0	0.000653275	0	0.00477681	0	0	0	0	0	0	0	0	0	0.000634502	0	0	0	0	5.4786e-06	0	0	0	0	0	0	0	0	0	0	0	0	0	0	0	0	0	0	0	0	0	0	0	0	0	0	0	0	0	0	0	0	0	0	0	0	0
d2_30	5.4883e-05	0	0	1.26726e-05	0.000345352	0	0	0	7.05915e-06	0	5.07122e-06	0	0	0	0	0.000951753	0	0	0	2.58525e-06	0.00444151	0	0	0	0.000508133	0	0	3.16908e-06	0	0	2.086e-06	0.000514874	0	0	0	0	0	0	0	0	0	0	1.02417e-05	0	0	0	0	0.00475877	0	0	0.00051365	0	0	0	0	0	0	0	0	0	0	0	0	0	0	0	0	0	0	0	0	0	0	0	0	0	0	0	0	0	0	0	0	0	0	0	0	0	0	0	0	0	0	0	0	0	0	0	0	0	0	0
d2_31	0.000190382	0	5.01915e-06	0	1.16671e-05	0	0	0.000970923	0	0	2.4967e-06	0.00479053	0	5.09442e-06	5.27451e-06	0	0	0	0	0	0	0	0	0	0	0	0	0	0	0	0.00475877	0.000327848	0	0	0	0	0	0	0.000634502	0	0	0	0	0	0	0	0	0	0	0.000331933	0	0	0	0	0	0	0	0	0	0	0	0	0	0	0	0	0	0	0	0	0	0	0	0	0	0	0	0	0	0	0	0	0	0	0	0	0	0	0	0	0	0	0	0	0	0	0	0	0	0	0	0
d2_32	2.00596e-05	1.20102e-05	0	0	0	0	0	0.000208882	0	3.77055e-06	2.24025e-06	8.11197e-07	0	0	0	0	5.50898e-06	0	0.000534803	0	0.000317251	0	0	0.000961415	0.00034032	0.000638826	0	3.08677e-06	5.74096e-06	0.000342742	6.13295e-07	0.00444151	0	0.00385641	0	0	0	3.84873e-06	0	0	0	0	0	0	0	0	0	0	0	0	0	0.000966208	0	1.90832e-06	0	0	0	0	0.00923118	0	0	0	0	0	0	0	0	0	0	0	0	0	0	0	0	0	0	0	0	0	0	0	0	0	0	0	0	0	0	0	0	0	0	0	0	0	0	0	0	0	0	0
d2_33	2.7993e-05	0	0	1.64418e-05	6.40361e-06	0	3.6944e-06	1.71498e-06	0	0	0	2.38298e-06	0	0	1.59503e-05	0	0	1.40706e-06	0	0	6.79687e-06	0	0	1.6867e-05	0	0	0	0	0	0	0	0	0	0.000979992	0	0	0	0	0	0	0	0	0	0	4.97954e-06	0	0	0	0	0	0	0	0	0	0	0	0	0	0	0	0	0	0	0	0	0	0	0	0	0	0	0	0.000329166	0	0	0	0	0	0.000335909	0	0	0	0	0	0	0	0	0	0	0	0	0	0	0	0	0	0	0	0	0	0	0
d2_34	0.00481825	0	0	0	1.08574e-06	0	0	2.70338e-06	4.0319e-06	0	2.12553e-05	0	0	1.42289e-05	0	5.82878e-06	0	9.40664e-06	0	1.37471e-06	0	1.70594e-06	0.000653964	0	3.32726e-06	0	0	0	8.35732e-07	0	0	0.00023694	0	0	0	0	0	0	0	0	0	0	0	0	0	0	0	0.000190351	0	0	0	0	0	0	0	0	0	0	0	0	0	0	0	0	0	0	0	0	0	0	0	0	0	0	0	0	0	0	0	0	0	0	0	0	0	0	0	0	0	0	0	0	0	0	0	0	0	0	0	0	0	0
d2_35	5.02862e-05	0	0	0	0	0	0	0	4.76641e-07	0.000317983	0	0	1.14994e-06	1.17083e-07	4.87047e-06	0	0	1.80229e-05	0.00117828	0.000156328	0	0	0	0	0	0	0.000634502	0	0	0	3.47901e-06	0	0	0	0	0.0011421	0	0	0	0	0	0	4.03696e-05	0	0.000334149	0	0	0.000951753	0	0	0.000634502	0	0	0.000340265	0.00444151	0	0	0	0	0	0	0	0	0	0	0	0	0	0	0	0	0	0	0	0	0	0	0	0	0	0	0	0	0	0	0	0	0	0	0	0	0	0	0	0	0	0	0	0	0	0	0
d2_36	2.027e-05	0.000160022	0	0	0	0	0	1.10793e-06	1.44464e-07	1.30662e-05	0	5.04411e-07	0	6.41752e-06	3.45092e-06	2.17969e-05	0	0	0	0	1.25103e-05	0	0	0	0	0.0047592	0	0	0	0	0	0	0	0.000338618	0	0	0	4.37847e-06	0	0	0	0	0	0	0	0	0	0	0	0	3.35696e-06	1.42861e-05	0	0	0.000328301	0	0	0	0	0	0	0	0	0	0	0	0	0	0	0	0	0	0	0	0	0	0	0	0	0	0	0	0	0	0	0	0	0	0	0	0	0	0	0	0	0	0	0	0	0	0	0
d2_37	5.17856e-05	0	0	0	0.000890527	0	0	0	0	0	0.00032937	0	1.05585e-05	0	0	0	0	0	0	0	2.08097e-05	2.41843e-05	0	8.50512e-08	0	0	0	0	0	0	0	0	0	0	0	0	0	0	5.01582e-07	0	0	9.51629e-06	0	0	0	0	0	0	0	0.00115811	0	1.14219e-07	0	0	0	0	0	0	0	0	0	0	0	0	0	0	0	0	0	0	0	0	0	0	0	0	0	0	0	0	0	0	0	0	0	0	0	0	0	0	0	0	0	0	0	0	0	0	0	0	0	0
d2_38	4.18975e-05	0	0	9.02836e-06	0	0	0	0	0	0	0	0	0	0	0	0	0	0	0.000747394	0	0	0	0	0	0	0	0	0	0	0	0	0.000322264	0	0	0	0	0	0	9.73511e-06	0	0	5.14229e-06	1.36819e-05	0.00475952	0	0	0	0	0	7.4098e-06	0	0	0	0	0	0	0	0	0	0	0.000648287	0.000634502	0	0	0	0	0	0	0	0	0	0	0	0	0	0	0	0	0	0	0	0	0	0	0	0	0	0	0	0	0	0	0	0	0	0	0	0	0	0	0	0
d2_39	0.00483391	3.34242e-07	0	6.76323e-07	0	0	0	1.35163e-06	5.6796e-07	0	0	7.14172e-06	0	0.00148383	0	2.05059e-06	0	0	0	2.98573e-05	1.81371e-05	0	0	0	0	0	0	0	0	0	0	0.000511269	0	0	0	0	0	0	0	0	0	0	0	0	0	0	0	0	0	0	0	0	0	1.30724e-06	0	0	0	0	0	0	0	0	0	0	0	0	0	0	0	0	0	0	0	0	0	0	0	0	0	0	0	0	0	0	0	0	0	0	0	0	0	0	0	0	0	0	0	0	0	0	0	0
d2_40	5.45676e-06	0	0	0	0	0	0	2.0181e-06	0	0	2.19959e-06	0	0	0	0	0	0.000317251	0	0	0	2.52492e-05	0	0.000634502	0	0	0	0	0	0	0	0.000972126	0	0.00031731	0	0	0.000634502	0	1.15365e-07	0	0	0	0	0	0.00444151	0	0.00444151	0	0	0	0	0	0	0	0	0	0	0	0	0	0	0	0	0	0	0	0	0	0	0	0	0	0	0	0	0	0	0	0	0	0	0	0	0	0	0	0	0	0	0	0	0	0	0	0	0	0	0	0	0	0	0	0
d2_41	0.000156571	0.000513115	0	0	0	0	0	0	0	0	0	0.000317251	0	0	0	0	0	0	0	0	3.55754e-06	0	0	6.16173e-07	0	0	0	0	0	0	0	0	0	0	0	0	0	0	1.67138e-05	0	0	0	0.000321301	0.000634502	0	0	0	0	0	0	0	0	0	0	0	0	0	0	0	0	0	0	0	0	0	0	0	0	0	0	0	0	0	0	0	0	0	0	0	0	0	0	0	0	0	0	0	0	0	0	0	0	0	0	0	0	0	0	0	0	0	0
d2_42	2.05544e-06	0	0	0	0	0	0	0	0	0	0	0	0	0	0	0	1.38746e-05	0	0.000641161	0.000317251	0	0	0	0	0	0.00064485	0	0	0	6.69207e-06	0	0.000640119	0	0.000635003	0	9.55024e-07	0	0	0	0.000317251	0	0	0	0	0	0	0	4.89541e-06	0.000515664	0	0	0	0	0.000336813	0	0	0	0	0	0	0	0	0	0	0	0	0	0	0	0	0	0	0	0	0	0	0	0	0	0	0	0	0	0	0	0	0	0	0	0	0	0	0	0	0	0	0	0	0	0	0	0
d2_43	0.000544584	0	0	0	0	2.14416e-05	1.54575e-05	0	0	0	2.151e-08	5.95308e-06	0	0	0	0	0	0	0	0	0	0	0	0	0	0	0	3.94025e-06	1.09892e-05	0	0	0	0	0	0	3.51591e-06	0	0	0	0	0	0	0	0	0	0	0	8.63e-06	0	0	0	0	0	0	0	0	0	0	0	0	0	0	0	0	0	0	0	0	0	0	0	0	0	0	0	0	0	0	0	0	0	0	0	0	0	0	0	0	0	0	0	0	0	0	0	0	0	0	0	0	0	0
d2_44	2.56815e-06	0	0	0	0	0	0	0	0	0	0.000339093	0	0	0	0	0	4.04173e-06	6.38874e-06	0	7.21924e-06	2.22625e-06	0	0.000638424	0	0	0	0	0	0	0	4.22657e-06	0	0	0	0	0	1.0364e-05	0	0.000336244	0	0	0	0	0	0	0.0044604	0	4.33943e-06	0	0	0	0	0	0	0	0.000333993	0	0	0	0	0	0	0	0	0	0	0	0	0	0	0	0	0	0	0	0	0	0	0	0	0	0	0	0	0	0	0	0	0	0	0	0	0	0	0	0	0	0	0	0	0	0
d2_45	0	0	0	0	0	0	0	0.000634502	0	0	3.79458e-06	5.5625e-06	0.00478465	0	0	0	0	0	0	0	0	1.45969e-06	0	0	0	0	0	0	0	0	0.000634502	0	0	0.000845995	0.000336394	0	0	0	0.00444151	0	0	0	0	0.00444151	0	0	0	0	0	0	0	0	0	0	1.75785e-05	0	0	0	0.00444609	0	0	0	0	0	0	0	0	0	0	0	0	0	0	0	0	0	0	0	0	0	0	0	0	0	0	0	0	0	0	0	0	0	0	0	0	0	0	0	0	0	0	0
d2_46	0	0	0	0	0	0	5.28799e-06	0	0	0	0	0	0	5.70386e-06	0	0	0	0	0	0	0	0.0051896	0	0	0	2.93596e-06	0	0	0	0	0	1.83355e-05	0	0	0	0	2.70943e-07	0.000339877	0	0	0	0	0	0	1.0593e-05	0	0	0.000190351	0	0	0	0	0	0	6.34609e-06	0	0	0	0	0	0	0	0	0	0	0	0	0	0	0	0	0	0	0	0	0	0	0	0	0	0	0	0	0	0	0	0	0	0	0	0	0	0	0	0	0	0	0	0	0	0	0
d2_47	0	0	0	0	0	0	0	0	0	0	1.00944e-05	0	0	0	0	0	0	0	0	0	0	0	0	0	0	0	0	0	0	0	0	0	0	0	0	0	0	0	0	0	0	1.14454e-05	0	0	0	0	0	0	0	0	0	0	0	0	0	0	0	0	0	0	0	0	0	0	0	0	0	0	0	0	0	0	0	0	0	0	0	0	0	0	0	0	0	0	0	0	0	0	0	0	0	0	0	0	0	0	0	0	0	0	0	0
d2_48	2.09297e-06	0	0	0	0.000634502	0	0	0	0	0	0	0	0	0	0	0	0	0	0	0	0	0	0	0	0	0	0	0.000967306	0	0	0.000665593	0	0	0	0	0	0	0.00477104	0	0	0	0	0.000341957	0	0.000634502	0	0	0	0	0	0	0	0	0.000634502	0	0	0	0	0	0	0	0	0	0	0	0	0	0	0	0	0	0	0	0	0	0	0	0	0	0	0	0	0	0	0	0	0	0	0	0	0	0	0	0	0	0	0	0	0	0	0	0
d2_49	0	0	0	0	0	0	0	0	0	0	1.12674e-06	0	0	3.55079e-06	0	0	0	0	0	0	0	0	0	0	0	0	0	0	0	0	0	0	0	0	1.66385e-05	0	0	0	0	0	0	0	0	0	0	0	0	2.83017e-05	0	0	0	0	0	0	0	0	0	0	0	0	0	0	0	0	0	0	0	0	0	0	0	0	0	0	0	0	0	0	0	0	0	0	0	0	0	0	0	0	0	0	0	0	0	0	0	0	0	0	0	0	0	0
d2_50	3.7851e-06	0	0	0	0	0	0	0	0	6.38106e-06	0	0	0	7.33577e-06	0	0	0	0	0.00444151	0	0.000317251	0	0	0	0	0	0	0	0	0	0	0	0	0	0	0	0	0	8.64871e-06	0	8.60762e-06	5.96445e-07	0	0	0	0	1.05563e-05	0	0	0	6.79993e-06	0	0	0	0	0	0	0	0	0	0	0	0	0	0	0	0	0	0	0	0	0	0	0	0	0	0	0	0	0	0	0	0	0	0	0	0	0	0	0	0	0	0	0	0	0	0	0	0	0	0	0
d2_51	0	0	0	0	0	0	0	0	0	0	1.62276e-05	4.18522e-06	0	0.000319535	0	0	2.49201e-06	0	1.82818e-06	0	0	0	0	0	0	1.17542e-05	0	0	0	0	0	0	0	0	0	0	0	0	0	0.000326375	0	0	0	0	0	0	0	0	0.00444151	0	0	0	0	0	0	0	0	0	0	0	0	0	0	0	0	0	0	0	0	0	0	0	0	0	0	0	0	0	0	0	0	0	0	0	0	0	0	0	0	0	0	0	0	0	0	0	0	0	0	0	0	0
d2_52	1.23117e-05	0.000198908	0	0	0	0	0	0	0	1.49828e-05	0.000634502	0	0	0	0	0	0	7.60765e-06	0	0.00478417	0	0	0	0	0	2.13741e-05	0	0	0	0	0	0	4.96243e-07	0	0.000634502	0	0	0	0	0	0	0	0	0	0	0	0	0	0	0	0	1.41374e-05	0	0	0	0	0	0	0	0	0	0	0	0	0	0	0	0	0	0	0	0	0	0	0	0	0	0	0	0	0	0	0	0	0	0	0	0	0	0	0	0	0	0	0	0	0	0	0	0	0	0
d2_53	0	0	0	0	0	0	0	0	0	0	0	0	0	0	0	0	0	0	0	0	0	0	0	0	0	0.000951753	0	0	0.000956161	0	0	0	0	0	0	0	0	0	0	0	0	0	0	0	0	0	0	0	0.00383064	0	0	0	0	0	0	0	0	0	0	0	0	0	0	0	0	0	0	0	0	0	0	0	0	0	0	0	0	0	0	0	0	0	0	0	0	0	0	0	0	0	0	0	0	0	0	0	0	0	0	0	0	0
d2_54	0	0	0.000634502	0	0	0	0	0	0	0	0	0	0	7.42528e-06	0	0	0	0	0	0	0	0	0	0	0	0	0	0	0	0	0	0	0	0	0	0	0	0	0	0	0	0	0	0	0	0	0	0	0	0	0	0	0	0	0	0	0	0	0	0	0	0	0	0	0	0	0	0	0	0	0	0	0	0	0	0	0	0	0	0	0	0	0	0	0	0	0	0	0	0	0	0	0	0	0	0	0	0	0	0	0	0
d2_55	1.20555e-05	0	0	0	0	0	0	0	0	0	0	0	0	0	0	0	4.27034e-06	0	0	0	0	0	0	0	0	0	0	0	0	0	0	0	0	0	0	0	0	0	0	0	0	0	0	0	0	0	0	0	0	0	0	0	0	0	0	0	0	0	0	0	0	0	0	0	0	0	0	0	0	0	0	0	0	0	0	0	0	0	0	0	0	0	0	0	0	0	0	0	0	0	0	0	0	0	0	0	0	0	0	0	0	0
d2_56	0	0	0	0	0	0	0	0	0	0	0	0	0	0.000334809	0	0	0	0.000980296	0	0	0	0	0	0	0	0	0	0	0	0	0	0	0	0	0	0.000317251	0	0	0	0	0	0	0	0	0	0	0	0	0	0	0	0	0	0	0	0	0	0	0	0	0	0	0	0	0	0	0	0	0	0	0	0	0	0	0	0	0	0	0	0	0	0	0	0	0	0	0	0	0	0	0	0	0	0	0	0	0	0	0	0	0	0
d2_57	0.000634502	0	0	0	0	0	0	0	0	0	0	0	0	0.00033337	0	0	0	0	1.75982e-05	0	0	0	0	0	0	0	0	0	0	0	0	0	0	0	0	0	0	0	0	0	0	0	0	0	0	0	0	0	0	0	0	0	0	0	0	0	0	0	0	0	0	0	0	0	0	0	0	0	0	0	0	0	0	0	0	0	0	0	0	0	0	0	0	0	0	0	0	0	0	0	0	0	0	0	0	0	0	0	0	0	0	0
d2_58	0	0	0	0	0	0	0	0	0	0	0	0	0	0	0	0	0	0	0	0	0	0	0	0	0	0	0	0	0	0	0	0	0	0	0	0	0	0	0	0	0	0	0	0	0	0	0	0	0	0	0	0	0	0	0	0	0	0	0	0	0	0	0	0	0	0	0	0	0	0	0	0	0	0	0	0	0	0	0	0	0	0	0	0	0	0	0	0	0	0	0	0	0	0	0	0	0	0	0	0	0	0
d2_59	0	0	0	0	0	0	0	0	0	0	0	0	0	0	0	0	0	0	0	0	0	0	0	0	0	0	0	0	0	0	0	0	0	0	0	0	0	0	0	0	0	0	0	0	0	0	0	0	0	0	0	0	0	0	0	0	0	0	0	0	0	0	0	0	0	0	0	0	0	0	0	0	0	0	0	0	0	0	0	0	0	0	0	0	0	0	0	0	0	0	0	0	0	0	0	0	0	0	0	0	0	0
d2_60	8.42616e-06	0	0	0	0	0	0	0	0	0	0	0	0	0	0	0	0	0	0	0	0	0	0	0	0	0	0	0	0	0	0	0	0	0	0	0	0	0	0	0	0	0	0	0	0	0	0	0	0	0	0	0	0	0	0	0	0	0	0	0	0	0	0	0	0	0	0	0	0	0	0	0	0	0	0	0	0	0	0	0	0	0	0	0	0	0	0	0	0	0	0	0	0	0	0	0	0	0	0	0	0	0
d2_61	0	0	0	0	0	0	0	0	0	0	0	0	0	0	0	0	0	0	0	0	0	0	0	0	0	0	0	0	0	0	0	0	0	0	0	0	0	0	0	0	0	0	0	0	0	0	0	0	0	0	0	0	0	0	0	0	0	0	0	0	0	0	0	0	0	0	0	0	0	0	0	0	0	0	0	0	0	0	0	0	0	0	0	0	0	0	0	0	0	0	0	0	0	0	0	0	0	0	0	0	0	0
d2_62	0	0	0	0	0	0	0	0	0	0	0	3.72343e-06	0	0	0	0	0	0	0	0	0	0	0	0	0	0	0	0	0	0	0	0	0	0	0	0	0	0	0	0	0	0	0	0	0	0	0	0	0	0	0	0	0	0	0	0	0	0	0	0	0	0	0	0	0	0	0	0	0	0	0	0	0	0	0	0	0	0	0	0	0	0	0	0	0	0	0	0	0	0	0	0	0	0	0	0	0	0	0	0	0	0
d2_63	2.24239e-07	0	0	0	0	0	0	0	0	0	0	0	0	0	0	0	0	1.01722e-05	0	0	0	0	0	0	0	0	0	0	0	0	0	0	0	0	0	0	0	0	0	0	0	0	0	0	0	0	0	0	0	0	0	0	0	0	0	0	0	0	0	0	0	0	0	0	0	0	0	0	0	0	0	0	0	0	0	0	0	0	0	0	0	0	0	0	0	0	0	0	0	0	0	0	0	0	0	0	0	0	0	0	0	0
d2_64	0	0	0	0	0	0	0	0	0	0	0	0	0	0	0	0	0	0	0	0	0	0	0	0	0	0	0	0	0	0	0	0	0	0	0	0	0	0	0	0	0	0	0	0	0	0	0	0	0	0	0	0	0	0	0	0	0	0	0	0	0	0	0	0	0	0	0	0	0	0	0	0	0	0	0	0	0	0	0	0	0	0	0	0	0	0	0	0	0	0	0	0	0	0	0	0	0	0	0	0	0	0
d2_65	4.31573e-06	0	0	0	1.57141e-05	0	0	0	2.06011e-06	0	0.000346547	0	0	0	0	1.26833e-05	0	0	0	0	0	0	0	0	0	0	0	0	0	0	0	0	0	0	0	0	0	0	0	0	0	0	0	0	0	0	0	0	0	0	0	0	0	0	0	0	0	0	0	0	0	0	0	0	0	0	0	0	0	0	0	0	0	0	0	0	0	0	0	0	0	0	0	0	0	0	0	0	0	0	0	0	0	0	0	0	0	0	0	0	0	0
d2_66	0	0	0	0	0	0	0	0	0	0	0	0	0	0	0	0	0	0	0	0	0	0	0	0	0	0	0	0	0	0	0	0	0	0	0	0	0	0	0	0	0	0	0	0	0	0	0	0	0	0	0	0	0	0	0	0	0	0	0	0	0	0	0	0	0	0	0	0	0	0	0	0	0	0	0	0	0	0	0	0	0	0	0	0	0	0	0	0	0	0	0	0	0	0	0	0	0	0	0	0	0	0
d2_67	0	0	0	0	0	0	0	0	0	0	0	0	0	0	0	0	0	0	0	0	0	0	0	0	0	0	0	0	0	0	0	0	0	0	0	0	0	0	0	0	0	0	0	0	0	0	0	0	0	0	0	0	0	0	0	0	0	0	0	0	0	0	0	0	0	0	0	0	0	0	0	0	0	0	0	0	0	0	0	0	0	0	0	0	0	0	0	0	0	0	0	0	0	0	0	0	0	0	0	0	0	0
d2_68	0	0	0	0	0	0	0	0	0	0	0	0	0	0	0	0	0	0	0	0	0	0	0	0	0	0	0	0	0	0	0	0	0	0	0	0	0	0	0	0	0	0	0	0	0	0	0	0	0	0	0	0	0	0	0	0	0	0	0	0	0	0	0	0	0	0	0	0	0	0	0	0	0	0	0	0	0	0	0	0	0	0	0	0	0	0	0	0	0	0	0	0	0	0	0	0	0	0	0	0	0	0
d2_69	0	0	0	0	0	0	0	0	0	0	0	0	0	0	0	0	0	0	0	0	0	0	0	0	0	0	0	0	0	0	0	0	0	0	0	0	0	0	0	0	0	0	0	0	0	0	0	0	0	0	0	0	0	0	0	0	0	0	0	0	0	0	0	0	0	0	0	0	0	0	0	0	0	0	0	0	0	0	0	0	0	0	0	0	0	0	0	0	0	0	0	0	0	0	0	0	0	0	0	0	0	0
d2_70	0	0	0	0	0	0	0	0	0	0	0	0	0	0	0	0	0	0	0	0	0	0	0	0	0	0	0	0	0	0	0	0	0	0	0	0	0	0	0	0	0	0	0	0	0	0	0	0	0	0	0	0	0	0	0	0	0	0	0	0	0	0	0	0	0	0	0	0	0	0	0	0	0	0	0	0	0	0	0	0	0	0	0	0	0	0	0	0	0	0	0	0	0	0	0	0	0	0	0	0	0	0
d2_71	0	0	0	0	0	0	0	0	0	0	0	0	0	0	0	0	0	0	0	0	0	0	0	0	0	0	0	0	0	0	0	0	0	0	0	0	0	0	0	0	0	0	0	0	0	0	0	0	0	0	0	0	0	0	0	0	0	0	0	0	0	0	0	0	0	0	0	0	0	0	0	0	0	0	0	0	0	0	0	0	0	0	0	0	0	0	0	0	0	0	0	0	0	0	0	0	0	0	0	0	0	0
d2_72	0	0	0	0	0	0	0	0	0	0	0	0	0	0	0	0	0	0	0	0	0	0	0	0	0	0	0	0	0	0	0	0	0	0	0	0	0	0	0	0	0	0	0	0	0	0	0	0	0	0	0	0	0	0	0	0	0	0	0	0	0	0	0	0	0	0	0	0	0	0	0	0	0	0	0	0	0	0	0	0	0	0	0	0	0	0	0	0	0	0	0	0	0	0	0	0	0	0	0	0	0	0
d2_73	0	0	0	0	0	0	0	0	0	0	0	0	0	0	0	0	0	0	0	0	0	0	0	0	0	0	0	0	0	0	0	0	0	0	0	0	0	0	0	0	0	0	0	0	0	0	0	0	0	0	0	0	0	0	0	0	0	0	0	0	0	0	0	0	0	0	0	0	0	0	0	0	0	0	0	0	0	0	0	0	0	0	0	0	0	0	0	0	0	0	0	0	0	0	0	0	0	0	0	0	0	0
d2_74	0	0	0	0	0	0	0	0	0	0	0	0	0	0	0	0	0	0	0	0	0	0	0	0	0	0	0	0	0	0	0	0	0	0	0	0	0	0	0	0	0	0	0	0	0	0	0	0	0	0	0	0	0	0	0	0	0	0	0	0	0	0	0	0	0	0	0	0	0	0	0	0	0	0	0	0	0	0	0	0	0	0	0	0	0	0	0	0	0	0	0	0	0	0	0	0	0	0	0	0	0	0
d2_75	0	0	0	0	0	0	0	0	0	0	0	0	0	0	0	0	0	0	0	0	0	0	0	0	0	0	0	0	0	0	0	0	0	0	0	0	0	0	0	0	0	0	0	0	0	0	0	0	0	0	0	0	0	0	0	0	0	0	0	0	0	0	0	0	0	0	0	0	0	0	0	0	0	0	0	0	0	0	0	0	0	0	0	0	0	0	0	0	0	0	0	0	0	0	0	0	0	0	0	0	0	0
d2_76	0	0	0	0	0	0	0	0	0	0	0	0	0	0	0	0	0	0	0	0	0	0	0	0	0	0	0	0	0	0	0	0	0	0	0	0	0	0	0	0	0	0	0	0	0	0	0	0	0	0	0	0	0	0	0	0	0	0	0	0	0	0	0	0	0	0	0	0	0	0	0	0	0	0	0	0	0	0	0	0	0	0	0	0	0	0	0	0	0	0	0	0	0	0	0	0	0	0	0	0	0	0
d2_77	0	0	0	0	0	0	0	0	0	0	0	0	0	0	0	0	0	0	0	0	0	0	0	0	0	0	0	0	0	0	0	0	0	0	0	0	0	0	0	0	0	0	0	0	0	0	0	0	0	0	0	0	0	0	0	0	0	0	0	0	0	0	0	0	0	0	0	0	0	0	0	0	0	0	0	0	0	0	0	0	0	0	0	0	0	0	0	0	0	0	0	0	0	0	0	0	0	0	0	0	0	0
d2_78	0	0	0	0	0	0	0	0	0	0	0	0	0	0	0	0	0	0	0	0	0	0	0	0	0	0	0	0	0	0	0	0	0	0	0	0	0	0	0	0	0	0	0	0	0	0	0	0	0	0	0	0	0	0	0	0	0	0	0	0	0	0	0	0	0	0	0	0	0	0	0	0	0	0	0	0	0	0	0	0	0	0	0	0	0	0	0	0	0	0	0	0	0	0	0	0	0	0	0	0	0	0
d2_79	0	0	0	0	0	0	0	0	0	0	0	0	0	0	0	0	0	0	0	0	0	0	0	0	0	0	0	0	0	0	0	0	0	0	0	0	0	0	0	0	0	0	0	0	0	0	0	0	0	0	0	0	0	0	0	0	0	0	0	0	0	0	0	0	0	0	0	0	0	0	0	0	0	0	0	0	0	0	0	0	0	0	0	0	0	0	0	0	0	0	0	0	0	0	0	0	0	0	0	0	0	0
d2_80	0	0	0	0	0	0	0	0	0	0	0	0	0	0	0	0	0	0	0	0	0	0	0	0	0	0	0	0	0	0	0	0	0	0	0	0	0	0	0	0	0	0	0	0	0	0	0	0	0	0	0	0	0	0	0	0	0	0	0	0	0	0	0	0	0	0	0	0	0	0	0	0	0	0	0	0	0	0	0	0	0	0	0	0	0	0	0	0	0	0	0	0	0	0	0	0	0	0	0	0	0	0
d2_81	0	0	0	0	0	0	0	0	0	0	0	0	0	0	0	0	0	0	0	0	0	0	0	0	0	0	0	0	0	0	0	0	0	0	0	0	0	0	0	0	0	0	0	0	0	0	0	0	0	0	0	0	0	0	0	0	0	0	0	0	0	0	0	0	0	0	0	0	0	0	0	0	0	0	0	0	0	0	0	0	0	0	0	0	0	0	0	0	0	0	0	0	0	0	0	0	0	0	0	0	0	0
d2_82	0	0	0	0	0	0	0	0	0	0	0	0	0	0	0	0	0	0	0	0	0	0	0	0	0	0	0	0	0	0	0	0	0	0	0	0	0	0	0	0	0	0	0	0	0	0	0	0	0	0	0	0	0	0	0	0	0	0	0	0	0	0	0	0	0	0	0	0	0	0	0	0	0	0	0	0	0	0	0	0	0	0	0	0	0	0	0	0	0	0	0	0	0	0	0	0	0	0	0	0	0	0
d2_83	0	0	0	0	0	0	0	0	0	0	0	0	0	0	0	0	0	0	0	0	0	0	0	0	0	0	0	0	0	0	0	0	0	0	0	0	0	0	0	0	0	0	0	0	0	0	0	0	0	0	0	0	0	0	0	0	0	0	0	0	0	0	0	0	0	0	0	0	0	0	0	0	0	0	0	0	0	0	0	0	0	0	0	0	0	0	0	0	0	0	0	0	0	0	0	0	0	0	0	0	0	0
d2_84	0	0	0	0	0	0	0	0	0	0	0	0	0	0	0	0	0	0	0	0	0	0	0	0	0	0	0	0	0	0	0	0	0	0	0	0	0	0	0	0	0	0	0	0	0	0	0	0	0	0	0	0	0	0	0	0	0	0	0	0	0	0	0	0	0	0	0	0	0	0	0	0	0	0	0	0	0	0	0	0	0	0	0	0	0	0	0	0	0	0	0	0	0	0	0	0	0	0	0	0	0	0
