	d0_0	d0_1	d0_2	d0_3	d0_4	d0_5	d0_6	d0_7	d0_8	d0_9	d0_10	d0_11	d0_12	d0_13	d0_14	d0_15	d0_16	d0_17	d0_18	d0_19	d0_20	d0_21	d0_22	d0_23	d0_24	d0_25	d0_26	d0_27	d0_28	d0_29	d0_30	d0_31	d0_32	d0_33	d0_34	d0_35	d0_36	d0_37	d0_38	d0_39	d0_40	d0_41	d0_42	d0_43	d0_44	d0_45	d0_46	d0_47	d0_48	d0_49	d0_50	d0_51	d0_52	d0_53	d0_54	d0_55	d0_56	d0_57	d0_58	d0_59	d0_60	d0_61	d0_62	d0_63	d0_64	d0_65	d0_66	d0_67	d0_68	d0_69	d0_70	d0_71	d0_72	d0_73	d0_74	d0_75	d0_76	d0_77	d0_78	d0_79	d0_80	d0_81	d0_82	d0_83	d0_84	d0_85	d0_86	d0_87	d0_88	d0_89	d0_90	d0_91	d0_92	d0_93	d0_94	d0_95	d0_96	d0_97	d0_98	d0_99	d0_100	d0_101
d1_0	0	0.138936	0.0319742	0.0153897	0.0102091	0.0114757	0.00343759	0.00660112	0.0020365	0.00658811	0.0073611	0.00296433	0.00136275	0.0106299	0.000343879	0.00344819	0.0016533	0.00544854	0.00216196	0.00114295	0.00277906	0.00139389	0.00252207	0.00551585	0.000139751	0.000104713	0.00138381	8.22751e-05	5.55007e-05	5.74878e-05	0.00105467	3.24073e-05	8.22899e-06	0.00582059	0.0050762	2.79233e-05	0.000367334	0.000163813	0	2.93892e-05	0.00168304	1.14383e-05	1.71006e-05	2.45983e-05	0.000957555	0	0.000213312	9.78313e-06	0	0.00127931	0	3.76169e-06	0.00117908	8.07624e-07	0	0	0	0	0	0	0	0	0	0	0	0	0	0	0	0	0	0	0	0	0	0	0	0	0	0	0	0	0	0	0	0	0	0	0	0	0	0	0	0	0	0	0	0	0	0	0	0
d1_1	0.0800577	4.53211e-05	0.000547162	2.86283e-05	0.0059863	7.33421e-05	2.10489e-05	1.39563e-05	0.000669154	3.0052e-05	1.08395e-05	0.000267043	0.00134304	0.000659762	3.58573e-07	0.00511316	1.74742e-05	5.59371e-06	0.000325362	7.40284e-06	2.26606e-05	0	1.16461e-05	9.73692e-06	0	0	0.004461	2.55205e-06	0.000747403	0	0	2.53262e-06	0	2.70489e-05	1.37073e-05	1.3835e-05	0	4.34599e-06	0	0	0	0	0	0	1.06682e-06	0	0	0.000659359	0	0	0	0	0	0	0	0	0	3.7804e-06	0	0	0	0	0.000511225	0	0	0	0	0	0	0	0	0	0	0	1.27815e-05	0	0	0	0	0	0	0	0	0	0	0	0	0	0	0	0	0	0	0	0	0	0	0	0	0	0	0
d1_2	0.0191414	1.7361e-05	0.000179809	0.000659012	1.87841e-05	1.75176e-05	7.03898e-06	4.40033e-05	0	1.47731e-05	2.09732e-06	1.8994e-06	0.000382327	0.00446457	1.15725e-06	0.00122017	7.88576e-07	2.72184e-05	1.51613e-05	7.88961e-06	8.94065e-06	6.18252e-06	0	0	0.000106488	1.1597e-05	0	0	0	0	0	0.000544188	0	3.0948e-07	0	0	1.61235e-05	0	1.99295e-06	0	0	0.000637285	1.34909e-05	0	0	0	0	0	0	0	0	0	0	0	0	0	0	0	0.000955928	0	0	0	0	0	0	0	0	0	0	0	0	0	0	0	0	0	0	0	0	0	0	0	0	0	0	0	0	0	0	0	0	0	0	0	0	0	0	0	0	0	0	0
d1_3	0.00699091	0.00133978	6.2058e-05	0.00506707	3.50178e-05	1.83017e-05	0.00504188	1.41022e-05	2.94552e-06	1.49244e-05	0.00102423	8.13273e-06	5.28e-06	1.88538e-05	3.01466e-06	0.000345437	0.000181218	0.000986651	9.28081e-06	7.0028e-06	2.49743e-05	0.00446549	0	7.76048e-06	1.34611e-06	0.000353131	0	0	0.000977978	0	0.000344386	0.0003476	0	0.000959269	6.32047e-06	0.000127087	1.26908e-05	0.00477964	1.87729e-05	2.16869e-06	0	9.71373e-06	1.09548e-05	0.000637285	0	0	0	0	0	0	0	0	0	0	0	0	0	0	0	0	0	0	0	0	0	0	0	0	0	0	0	0	0	0	0	0.000640044	0	0	0	0	0	0	0	0	0	0	0	0	0	0	0	0	0	0	0	0	0	0	0	0	0	0
d1_4	0.0138836	5.7879e-06	0.000352479	3.59134e-05	9.60215e-06	4.07808e-06	1.66395e-05	0.000679972	1.69238e-05	0	9.7021e-06	3.46068e-06	2.12365e-06	9.68985e-06	0.000327414	0.00501095	1.08466e-06	0.000675369	0.000643973	1.28789e-05	3.0382e-05	5.03173e-06	0.000649193	2.63991e-06	2.31965e-05	0	0.000222112	0	4.84543e-06	3.30621e-05	0	0.0048318	0	0.00480408	3.47023e-05	3.36259e-06	0.000340312	0.000345453	1.19327e-05	0	1.7701e-05	0	0	0.000955928	0	0	3.06495e-06	0	0	0.000637285	0.00129724	0	0	1.12883e-05	0	0	0	0.000656676	0.000221914	0.000972687	0	0	0	0	0	0	0	0	0	0	0	0	0	0	0	0	0	0	0	0	0	0	0	0	0	0	0	8.60476e-06	0	0	0	0	0	0	0	0	0	0	0	0	0	0
d1_5	0.00770272	0.000660516	2.28489e-05	1.66686e-05	9.18819e-06	8.02722e-06	6.50628e-06	2.2915e-05	3.76205e-05	2.36888e-05	2.50765e-06	0.000366831	6.04635e-06	9.58509e-06	5.87755e-06	8.14594e-06	1.21471e-05	9.5916e-06	8.98905e-06	3.163e-05	2.78351e-05	0.000641928	0.00479981	1.20972e-05	0	2.66506e-05	0	0.00096616	0	8.52897e-06	2.5762e-06	0	0	0	0	0	0.000973614	0	0	0	0	0	0	0	0	0	0	0	0	0	0.004461	0	5.55816e-07	5.64846e-06	0	0	0	0	0	0	0.000318643	0	0	0	0	0	0	0	0	0	0	0	0	0	0.000334438	0	0	0	0	0	0	0	0	0	0	0	0	0	0	0	0	0	0	0	0	0	0	0	0	0	0	0
d1_6	0.0029342	1.16904e-06	7.19955e-07	1.3404e-05	0.000356992	0.000638818	0.00118171	1.09617e-05	0.000243136	1.27415e-05	0	5.32491e-05	0	2.26962e-05	1.42621e-06	0	3.04525e-05	0.000962234	0	0.00103317	0	5.86579e-06	1.6113e-05	2.5228e-06	0	7.24982e-06	0	7.4718e-06	3.06876e-08	0	1.73106e-05	0	5.99443e-06	0	0	0	2.16617e-05	0	0	0	0.000637285	0	0	0	0	0	0.00497915	0	0	0	0.004461	0	0	0	0	0	0	0	0	0	0	0.000210421	0	0	0	1.37673e-05	0	0	0	0	0	0	0	0	0	0	0	0	0	0	0	0	0	0	0	0	0	0	0	0	0	0	0	0	0	0	0	0	0	0	0	0
d1_7	0.00123951	5.89707e-06	3.8381e-06	3.96468e-05	0.000370216	2.84607e-06	0	0.000355572	1.44054e-05	0.00448473	1.3492e-05	3.18941e-05	1.21954e-05	0	1.48416e-05	2.37576e-05	0.00498655	3.15842e-06	3.83251e-06	0.000203583	5.51981e-07	0.000661576	0.000483779	0.000981456	4.08983e-06	0.00130227	1.23051e-05	0	2.73936e-06	0	6.23641e-07	1.33313e-05	0	2.4104e-06	0	0.000971425	0.0056126	0	0.000330927	1.53688e-05	0	5.16485e-06	0	0	0	0.000665721	0.000321942	0	0	0	0	0	0	0	0	0	0	0	0	0	7.73271e-07	0	0.000335342	0	0	0	0	0	0	0	0	0	0	0	0	0	0	0	0	0	0	0	0	0	0	0	0	0	0	0	0	0	0	0	0	0	0	0	0	0	0	0
d1_8	0.00329184	2.20262e-05	3.90397e-05	0.000388674	0.000541915	2.10573e-06	2.60228e-05	0.000977543	3.32767e-05	8.26495e-06	5.90493e-06	4.2277e-06	3.64254e-06	0.00153346	3.83848e-06	0.000643618	9.46367e-08	0	0.000646816	0	0	4.57262e-07	0.000344525	0	0	0	0	2.96416e-06	2.10689e-05	0.004461	6.25293e-06	3.67171e-06	1.67988e-05	0	0	0	0	0	0	0	0.000322646	0	0	1.2848e-06	0	0	0	0	0	0	0	0	0	1.24439e-05	0	0	0	0.000325477	0	0.000515214	0	7.43629e-06	0	0	0	0	0	0	0	0	0	0	0	0	5.62988e-06	0.000637285	0	0	0	0	0	0	0	0	0	0.000968056	0	0	0	0	0	0	0	0	0	0	0	0	0	0	0	0
d1_9	0.000758334	0.00147023	1.52251e-05	5.16967e-05	0.000684483	0.000691827	3.59345e-05	2.71524e-06	0.00117615	4.11443e-07	0.000335214	1.64385e-05	4.91156e-07	1.31711e-05	0.000195092	2.21214e-06	3.12705e-06	0	0.00481246	3.67538e-06	0	4.08805e-06	1.84361e-06	6.61856e-06	0.00214214	0	0	0	0	1.35469e-06	0	0.00509828	0	0	0	0	1.68639e-05	0	0	0	0	0	0	1.16698e-06	0	0	0	0	0.000637285	0	2.89478e-05	0	0	0	0	0	0	0	0	0	0	0	0	0	0	0	0	0.000510294	0	0	0	0	0	0	1.31825e-06	0	0	0	0	0	0	0	0	0	2.45962e-05	0	0	0	0	0	0	0	0	0	0	0	0	0	0	0	0	0
d1_10	0.000492153	5.4859e-06	1.29988e-05	0	8.16986e-07	6.83687e-06	7.16388e-06	0	4.48401e-06	0	5.03976e-06	2.75874e-05	2.39459e-06	5.26369e-07	2.30275e-06	1.85722e-05	0	0.00446993	0.000660514	0	2.536e-05	0	0.000320633	6.73733e-06	1.92464e-05	1.93951e-05	0	0	0	0	0	0	0.000318702	0	0	0.00446802	0.000983858	3.07117e-06	0	1.28631e-05	0	0	1.21355e-06	0	0	0	0	2.85188e-05	0	0	0	0	0	0	0	0	0	0	0	0	0	0	1.14506e-06	0	0	0	0	0	0	0	0	0	0	0	0	0	0	0	0	0	0	0	0	0	0	0	0	0	0	0	0	0	0	0	0	0	0	0	0	0	0	0
d1_11	0.0010215	1.03813e-05	2.66035e-05	2.82943e-05	1.80786e-06	1.97922e-05	2.20932e-05	1.75588e-05	1.51242e-05	2.18821e-05	1.74059e-07	3.70339e-06	4.80464e-06	0.00115284	0	0.00545763	0	2.67181e-05	4.48434e-07	1.19429e-05	0	0.00521804	2.85214e-05	0	0	0	1.89724e-05	0	0	0	0	0	1.35997e-05	3.12695e-06	0	0	0	0	0	0	0	0.00512856	6.58315e-06	0	0	0.000517651	0.00035051	0	0	0	0	0	0	0	0	0	0	0	0	0	0	0	0	0	0	0	0.004461	0	0.000330379	0	0	0	0	0	0	0	0	0	0.000337383	0	0	0	0	0	0	0	0	0	0	0	0	0	0	0	0	0	0	0	0	0	0	0
d1_12	0.00515348	0.000150872	1.71016e-07	4.13792e-06	2.47776e-05	1.39337e-06	0.00448587	0.000870902	1.29666e-05	0.000677448	0	7.17304e-06	0.000119638	0.000800729	0	6.03088e-06	1.33008e-05	0	1.63379e-05	9.15573e-06	0	0	0.00129412	0	0	1.58575e-05	0.000327625	0	0.000637285	1.0468e-06	0	0.00066732	0	0	0	0	0	0	4.33448e-06	0	0	0	0	0.000537403	0	0	0	0	0	0	0	0	1.61412e-05	0.000338291	0.00129457	0	0	0	0.0044656	0	0.000650357	0	0	0	0	0	0	0	0	0	0	0	0	0	0	0	0	0	0	0	0.00448204	0	0	0	0	0	0	0	0	0	0	0	0	0	0	0	0	0	0	0	0	0
d1_13	0.000733243	3.79365e-06	0	3.47437e-05	9.05339e-06	2.58197e-05	2.64859e-06	4.00843e-06	0	0	0.000122172	0	0	1.16449e-06	0	1.38886e-06	0	0	0	2.59659e-06	0	0	0	1.6941e-05	0.000987546	0	0	0	0	1.05428e-05	7.41777e-06	0	0	0	0	1.11262e-06	0	0	0	0	0	1.91674e-05	0	0	0	0	0	0.000318643	0	0	0.000637285	0	0	0	0	0	0	0	0	0	0	0	1.97255e-07	0	1.47048e-05	0	0	0	0.00385037	0	0	0	0	0	0	0	0	0	0	0	0	0	0	0	0	0	0	0	0	0	0	0	0	0	0	0	0	0	0	0	0	0
d1_14	0.000446134	0.00448697	1.87944e-05	0	2.28433e-06	2.00186e-05	0.000335532	0.00481085	7.39531e-06	0	2.66798e-05	0.000864093	0	0	0.000962452	0	0	0	0	0.00446477	0	8.98043e-06	6.89408e-06	0.000637285	0	0	0.000318643	0	0	0	9.24916e-06	0	0	0	3.24258e-06	5.58946e-06	0	0	0	0	0	0	0	0	0	0	0	0	0	0.00116319	0	0	0.000637874	0	0	0	0	0	0	0	0	0	0	0	0	1.40557e-05	0	0	0	0	1.36072e-05	0	0	0	0	5.96352e-06	0	0	0	0	0	0	0	0	0	0	0	0	0	0	0	0	0	0	0	0	0	0	0	0	0	0
d1_15	0.00043256	1.91459e-05	5.04117e-06	0.000214829	0	0	3.50814e-06	3.44448e-05	1.36009e-05	0	0.000364767	1.43213e-06	1.06048e-05	0	0	0	0.000528821	9.53397e-07	0	0.000216483	4.02989e-05	7.28524e-06	1.44536e-05	6.77868e-06	0	2.28309e-06	0	0	0	0	0	5.00412e-06	0	0	0	0	0.000322479	0	0	0	1.00579e-06	5.5549e-07	0	0	0.000974981	0	0	0.000127457	0	2.05039e-06	0.004461	0	0	0	0	0	0	0	0	0	0	0	0	0	0	0	4.14036e-06	0	2.88748e-06	0	0	0	0	5.28257e-06	0	0	0	6.34474e-06	3.18964e-06	4.36699e-07	0	0	0	0	3.72011e-06	0	0	0	0	0	0	0	0	0	0	0	0	0	0	0	0	0
d1_16	0.000460908	2.27081e-06	0.000191186	0	1.21338e-05	0.00100843	0.000157883	1.1195e-05	8.82813e-07	0	3.14356e-06	0.00513459	6.88903e-06	7.45785e-06	0	0.000332456	0	0	0	0	0	0	0	2.86982e-06	0	5.77473e-06	0.000637285	0	0.00160215	0.00497082	6.87184e-07	0	0	0.00195078	0	0	0.000956681	0	4.38742e-06	0	0	1.61749e-05	1.13059e-05	0	0	0	0	2.29472e-05	0	0.000120618	0	0	0	0	0	0	0	0	2.05315e-06	0	0	0	0	0	0	0	0	0	0	0	0	0	0.000330609	0	0	0.000318949	0.000638308	0	0	0	0	0	0	0	0	0	0	0	0	0	0	0	0	0	0	0	0	0	0	0	0	0
d1_17	0.000991172	3.86721e-05	7.4177e-06	0.000348115	0.000356736	8.16303e-06	4.33343e-06	2.67403e-06	0.0047825	0	2.20924e-06	0	0.00130647	1.07614e-05	0	7.70775e-06	1.4845e-05	3.96904e-06	1.93472e-06	0	0	2.14647e-06	0	0	0	9.98607e-06	0	0	0	0.00065523	0	1.41216e-05	0	3.16772e-06	0	0	0	0	0	0	0	0	0	0	0	0.000322599	0	0	0	0	0	0	0	0	0	0	0	0	0	0	0	0.004461	0	0	5.50264e-06	0	0	0	0	0	0	0	0	0	0	0	0	0	0	0	0	0	0	0	0	0	0	0	0	0	0	0	0	0	0	0	0	0	0	0	0	0
d1_18	9.05345e-05	0	0.00065037	1.61117e-05	0	0	0	0	4.27979e-08	1.54141e-05	0	0	0	0.000761909	1.2977e-05	0.000955928	0	5.68958e-06	0	0	0.004461	0	0.000637285	0	0	0	0.000637285	0.000338438	0	0.000344246	4.30882e-07	0.000517133	4.9842e-07	0	1.78162e-05	0	0	0	0.004461	6.65169e-06	0	0	0.00032271	0.00509828	0	0	0	0	0.0041711	0	0	1.41994e-05	0	0	0	0	0	0	0	0	0	0	0	0	0	0	0	0	0	0	0	0	0	0	0	0	0	0	0	0	0	0	0	0	0	0	0	0	0	0	0	0	0	0	0	0	0	0	0	0	0	0
d1_19	0.000332438	0.000510419	5.70025e-06	2.68511e-06	0	0	3.90976e-05	0	0.00130547	1.38278e-06	0.000964307	0	0	9.29087e-07	5.61879e-06	1.09957e-06	0.000511069	0.00499605	0	0	0	0.00447634	0	0.00480786	0.0044635	4.32107e-07	0	8.64659e-07	0	0	0	0	7.25957e-06	1.64972e-06	2.11775e-06	0	0	4.39768e-06	0	0	0	0	2.20255e-05	0	0	0	0	2.84259e-05	0	0	0	1.15534e-05	0	0	0	0	0	0	0	0	0	0	0	0	0	0	0	0	0	0	0	0	0	0	0	0	0	0	0	0	0	0	0	0	0	0	0	0	0	0	0	0	0	0	0	0	0	0	0	0	0	0
d1_20	0.00128308	1.08571e-06	0	0.000955928	3.13861e-07	0.000236062	0	0.000191186	2.10878e-06	0	7.26494e-07	4.88654e-07	0	0.00447549	7.52454e-06	0.004461	0	0	6.24575e-06	0	1.49756e-06	1.46609e-06	0	0	4.36607e-07	1.18057e-05	0	0	0	0	1.82284e-05	0.000322091	0.000644915	0.000530404	0	0	0	0	7.14713e-06	2.01477e-06	0	0	0.000327756	0.00446421	0	0	0	0.000656141	0.004461	2.11656e-05	0	0	0	0.000639202	6.37392e-06	0	0	0	0.00482184	0	0	0	0	0	0	0	0	0	0	0	0	0	0	0	0	0	0	0	0	0	0	0	0	0	0	0	0	0	0	0	0	0	0	0	0	0	0	0	0	0	0	0
d1_21	0.000141002	0	0	6.71919e-07	0	0	0	0	1.45098e-07	0.000332501	4.53762e-07	0	0	0.000753414	0	1.50192e-05	0.000225439	0	0	0	0.000246818	0	0	0	0	0	0	3.95753e-06	1.10374e-05	0	3.29691e-09	0	0	0	0	0.00543771	0	0	0.000645972	0	0.000353264	5.99061e-07	0	0	0	0	1.06026e-05	0.000191186	0	0	0.00148805	2.44853e-06	0	1.37447e-05	0.00130237	0.00892199	0	0	0	0.000637285	0	0	0	0	0	0	0	0	0	0	0.000325705	0	0	0	0	0	0	0	0	0	0	0	0	0	0	0	0	0	0	0	0	0	0	0	0	0	0	0	0	0	0	0
d1_22	0.00485935	0	0	0	4.71761e-06	0	3.08505e-06	0	8.98816e-06	0	1.66471e-05	0.00448508	9.04674e-06	0	0	0	3.25121e-07	0	0	0	7.18996e-06	0	0.000318643	1.92273e-05	0	0.00064049	0	0	0	0.00478555	0	0.000524798	0	0	7.68836e-06	0	0	0	1.67871e-05	0	0	0	0	1.23801e-06	0	0	0	0	0	0.000655308	0	0	0	0	0	0.00115954	0	0	0.00446205	0	0	9.69841e-06	0	9.2118e-06	0	0	0	0	0	0	0	0	0	0	0	0	0	0	0	0	0	0	0	0	0	0	0	0	0	0	0	0	0	0	0	0	0	0	0	0	0	0
d1_23	0.00110032	0	0	0	0.000346296	0	1.18611e-05	2.02695e-06	0	0	0.00116962	0	0	0	0	2.05958e-06	0	0	0	0	4.77364e-06	0	0	1.03155e-06	0	1.04665e-06	0	0	1.71766e-05	0	0	0	0	0	0	0	2.72132e-07	0	0	0.000327807	0	0	0	0	1.06395e-05	0.000955928	0	0	0	0	0	0	0	0	0.004461	0.000335458	0	0	0	0	0	0	0	0	0	0	0	0	0	0	0	0	0	0	0	0	0	0	0	0	0	0	0	0	0	0	0	0	0	0	0	0	0	0	0	0	0	0	0	0	0	0
d1_24	0.00224006	0	0	0	2.00839e-06	0.000227919	0.000331897	0.000682967	0	3.78709e-06	0	3.87193e-06	0	1.42913e-05	0	6.13982e-06	1.39221e-05	0	0.00117443	0	3.57315e-06	0	0	0.000966344	0.000355123	8.53967e-06	0	0	2.21757e-05	0	0	0.004461	0	0	0	0	0	3.98148e-06	1.02816e-05	0	0	0	0	0.00478023	0	0	0	0	0	0	0	0.000970446	0	1.31297e-06	0	0	0	0	0	0	0	0.000637285	0	0	0	0.00383243	0	0	0	0	0	0	0	0	0	0	0	0	0	0	0	0	0	0	0	0	0	0	0	0	0	0	0	0	0	0	0	0	0	0	0	0
d1_25	3.66574e-05	0	0	1.68854e-06	0	0	0	0	0	6.40905e-06	0	5.97919e-06	3.63746e-09	0	0	0	2.50294e-06	0	4.53183e-06	0.000157014	0	0	0	3.02012e-07	0	7.18918e-06	0	0	0	0	0	0.000642927	3.71248e-07	0.000637788	0	0.00114711	3.01561e-05	0	0.000330411	0	0	0	0	0	0	0	0	0	0	0	0	0	0	0	0	0	0	0	0	0	0	0	0	0	0	0	0	0	0	0	0	0	0	0	0	0	0	0	0	0	0	0	0	0	0	0	0	0	0	0	0	0	0	0	0	0	0	0	0	0	0	0
d1_26	3.78837e-05	0	6.24529e-06	0	0	0	0	1.35756e-06	0	0	1.13168e-06	0	1.25765e-05	3.56636e-06	0	0	1.39354e-05	1.5666e-05	0	2.99882e-05	0	0	0	0	0	0	0	0.000335645	0	0	0	0.000324934	0.000329071	0	1.45937e-05	0	0	0	0	0	0	0	0.000343457	0	0	0	0	8.66786e-06	0	0	0.000637285	0	0	0.000970616	0	0	0	0	0	0	0	0	0	0	0	0	0	0	0	0	0	0	0	0	0	0	0	0	0	0	0	0	0	0	0	0	0	0	0	0	0	0	0	0	0	0	0	0	0	0	0	0
d1_27	1.94319e-05	3.35708e-07	0	6.7929e-07	1.68735e-05	0	0.00074911	0	0.000318643	0	0	0	8.0961e-06	0	0	3.49991e-05	0	0	0	0	1.82167e-05	0	0.000984327	0	0	2.94884e-06	0	0	0	0	0	0	0	0	0	0.000318643	1.04095e-05	0	0	0.000963583	0	0	0	0	0	0	0	0	0	0	0	0	0	0	0	0	0	0	0.00212049	0	0	5.97213e-06	0	0	0	0	0	0	0	0	0	0	0	0	0	0	0	0	0	0	0	0	0	0	0	0	0	0	0	0	0	0	0	0	0	0	0	0	0	0	0	0
d1_28	6.98349e-05	1.42403e-05	1.92739e-06	0	1.85064e-06	3.65873e-06	6.62514e-06	0	0	0.0011801	9.66984e-06	0	1.76285e-06	7.83166e-06	0	1.39718e-05	0	0.000333441	0	0	0	0	0	6.61571e-06	0	0	0	0	0	0	3.49427e-06	0	0	0	0.004461	0	0	0	0	0	0	0	0	0	0	0	0	0	0	0.00479777	0	0	0	0.000981585	0.000955928	0	0	0	0	0	0	0	0	0	0	0	0	0	0	0	0	0	0	0	0	0	0	0	0	0	0	0	0	0	0	0	0	0	0	0	0	0	0	0	0	0	0	0	0	0	0	0
d1_29	2.0984e-05	0	0	0.00511071	0.000554224	0	8.90017e-06	0	0	0	0	0	0.000348225	0	0	0	0	0.000971622	0.000750672	0	0	1.20942e-06	0	6.71611e-06	0	0	0	0	0.000202037	0	0	4.35204e-06	0	0	0	0.000639894	0	0	0	0	0	9.55804e-06	1.3742e-05	1.68748e-07	0	0	0	4.91688e-06	0	7.4423e-06	0	0	0	0	0	0	0	0.004461	0	0	0	0	0	0	0	0	0	0	0	0	0	0	0	0	0	0	0	0	0	0	0	0	0	0	0	0	0	0	0	0	0	0	0	0	0	0	0	0	0	0	0	0
d1_30	5.8532e-07	0	0	0	2.59802e-06	0	0	0	0	0	0	0	0	0	9.86178e-07	0	0	0	0	0	2.23601e-06	0	0	0	0	0	0	0	0.000960356	0	0.00478388	0	0	0	0	0	0	0	0.000337718	0	0	0	0	0	0	0.00447996	0	4.35846e-06	0	0	0	0	0	0	0	0	0	0	0	0	0	0	0	0	0	0	0	0	0	0	0	0	0	0	0	0	0	0	0	0	0	0	0	0	0	0	0	0	0	0	0	0	0	0	0	0	0	0	0	0	0	0
d1_31	0.000368947	0	7.65856e-06	0	0.000643685	0	0	0	0	0	0.000642379	0	0	0	0	0.00063881	0	1.81019e-05	7.19034e-06	0	0.000638844	0	0	0	0	0	0	0.000971549	0	0	0	0	0	0	0	0	0	0.00479196	0	0	0	0	0	0	0.000637285	0	0	0	0	0	0	0	0.00446417	0	0	0	0	0	0	0	0	0	0	0	0	0	0	0	0	0	0	0	0	0	0	0	0	0	0	0	0	0	0	0	0	0	0	0	0	0	0	0	0	0	0	0	0	0	0	0	0	0
d1_32	0	0	0	0	0	0	0	0.000209798	0	0	4.2908e-06	0	0	0	0	0	0	1.41323e-06	0	0.00480515	0.000318643	0	0	0	0	0	0	0	0	0	0.000668513	0	0	0	0.000637285	0	0	0	0	0	0	0	1.33257e-05	0	0.00130629	0	0	0	0	0	0	0	0	0	0	0	0.000510821	0	0	0	0	0	0	0	0	0	0	0	0	0	0	0	0	0	0	0	0	0	0	0	0	0	0	0	0	0	0	0	0	0	0	0	0	0	0	0	0	0	0	0	0	0
d1_33	5.9919e-06	0	0	0	0	0	0	0	0	0	2.25008e-06	0	0	0	3.04326e-06	0	0	0	0.00117892	0	0	0	0	0	0	0	0	0	0	0	0	0	0	0	0	0.000641562	0	2.16917e-05	0	0	0	1.14956e-05	0	0	0	0	0	0	0.000517926	0	0	0	0	0	0.000955928	0	0	0	0	0.000333528	0	0	0	0	0	0	0	0	0	0	0	0	0	0	0	0	0	0	0	0	0	0	0	0	0	0	0	0	0	0	0	0	0	0	0	0	0	0	0	0	0	0
d1_34	5.10166e-06	0	0	0	0	0	0	0	5.40667e-07	0	2.13485e-05	1.03139e-05	0	0	0	0	8.34853e-06	0	0	0.000318643	0	0	0	0	0	0.00477964	0	0	0	0	0	0	0	0	0	0	0	0	0	0.000318643	0	0	0	0	0	0	0	0	0	0	0	1.1472e-07	0	0	0	0	0	0	0	0	0	0	0	0	0	0	0	0	0	0	0	0	0	0	0	0	0	0	0	0	0	0	0	0	0	0	0	0	0	0	0	0	0	0	0	0	0	0	0	0	0	0
d1_35	8.69201e-06	0	0	0	0	0.000650983	0	0	0	0	0	5.5869e-06	0.00480563	1.17596e-07	4.89183e-06	0	0	0.00446299	0.004461	1.38074e-06	0.000318643	0	0	0	3.34185e-06	0	0	3.18298e-06	0	0	0.000637285	1.84159e-05	4.04623e-06	0.000319301	0	0	0	0	0	0.000318643	0	0	1.02867e-05	0	8.77272e-06	0.004461	0	0	0	0.000333389	3.37168e-06	0	0	0	0	0	0	0	0	0	0	0	0	0	0	0	0	0	0	0	0	0	0	0	0	0	0	0	0	0	0	0	0	0	0	0	0	0	0	0	0	0	0	0	0	0	0	0	0	0	0	0
d1_36	5.2305e-06	0.000191186	0	0	0	0	0	0	2.06915e-06	0	0.000348067	0	0	0.000320008	0	0	0.000318643	0	0	0	0	0	0	0	0	0	0	0	0	0	0	0	0	0	0	0	0	0	0	0	0	0	5.19546e-06	0	0	0	0	0	0	0	0	2.79546e-06	0	0	0	0	0	0	0	0	0	0	0	0	0	0	0	0	0	0	0	0	0	0	0	0	0	0	0	0	0	0	0	0	0	0	0	0	0	0	0	0	0	0	0	0	0	0	0	0	0	0
d1_37	1.22047e-05	0	0	0	0	7.17352e-06	0	0	0	0	0	0	0	0	0	0	0	1.02168e-05	1.76754e-05	0	0	0	0	0	0	0	0	3.10031e-06	0	0	0	0	0	0.00385915	0	0	0	0	0	0	0	0	0	0	0	0	0	0	0	0	0	0	0	0	0	0	0	0	0	0	0	0	0	0	0	0	0	0	0	0	0	0	0	0	0	0	0	0	0	0	0	0	0	0	0	0	0	0	0	0	0	0	0	0	0	0	0	0	0	0	0	0
d1_38	0	0	0	0	0	0	0	0	0	0	0	0	0	0	0	0	0	0	0	0	0	0	0	8.54242e-08	0	0	0	0	0	0	0	0.000237979	0	0	0	0	0	0.000341368	0	0	0	0	0	0	0	0	0	0.00114711	0	0	0	0	0	0	0	0	0	0	0	0	0	0	0	0	0	0	0	0	0	0	0	0	0	0	0	0	0	0	0	0	0	0	0	0	0	0	0	0	0	0	0	0	0	0	0	0	0	0	0	0	0	0
d1_39	0	0	0	0	0	0	0	0	0	0	0	0	0	0	0	0	0	0	0	0	0.00480097	0	0	0	0	0	0	0	0	0	0.000978482	0	0	0	0.00033787	0.000637285	0	0	0	0	0	0	0	0	0	0	0	0	0	0	0	0	0	0	0	0	0	0	0	0	0	0	0	0	0	0	0	0	0	0	0	0	0	0	0	0	0	0	0	0	0	0	0	0	0	0	0	0	0	0	0	0	0	0	0	0	0	0	0	0	0	0
d1_40	2.00642e-06	0	0	0	0	0	0	0	0	0	0	0	0	0	0	0	0	1.95143e-06	0	0	0	0	0	0	0	0	0	0	0	0	0	0.000323677	0	0	0	9.59213e-07	0	0.000642489	0	0	0	0	0	0	0	0	0	0	0	0	0.00446467	0	0	0	0	0	0	0	1.28869e-05	0	0	0	0	0	0	0	0	0	0	0	0	0	0	0	0	0	0	0	0	0	0	0	0	0	0	0	0	0	0	0	0	0	0	0	0	0	0	0	0	0	0	0
d1_41	1.22476e-05	8.59459e-06	0	0	3.17852e-06	0	0	0	0	0	0	0	0	0	0	5.85434e-06	0	0	1.83619e-06	0	0	0	0	0	0	0.000955928	0	0	8.39398e-07	0	0	0	0	0.000340104	0	0	0	0	0	0	0	0	0	0	0	0	0	0	0	0	0	0	0	0	0	0	0	0	0	0	0	0	0	0	0	0	0	0	0	0	0	0	0	0	0	0	0	0	0	0	0	0	0	0	0	0	0	0	0	0	0	0	0	0	0	0	0	0	0	0	0	0
d1_42	0	0	0	0	0	0	0	0	0	0	3.81123e-06	0	0	0	0	0	0	0	0	0	0	0	0	0	0	0.000641628	0	0	0	0	6.15986e-07	0	0	1.41806e-05	0	0	0	0	0	0	0	0	0	0	0	0	0	0	0	0	0	0	0	0	0	0	0	0	0	0	0	0	0	0	0	0	0	0	0	0	0	0	0	0	0	0	0	0	0	0	0	0	0	0	0	0	0	0	0	0	0	0	0	0	0	0	0	0	0	0	0	0
d1_43	0	0	0	0	0	0	0	0	0	0	1.01595e-05	0	0	0	0	0	0	0	0	7.2509e-06	0	0	0	0	0	0	0	0	0	0	0	0	0	0	0	0	0	0	0	0	0	0	0	0	0	0	0	0	0	0	0	0	0	0	0	0	0	0	0	0	0	0	0	0	0	0	0	0	0	0	0	0	0	0	0	0	0	0	0	0	0	0	0	0	0	0	0	0	0	0	0	0	0	0	0	0	0	0	0	0	0	0
d1_44	1.21084e-05	0	0	0	0	0	0	0	0	0	4.66017e-06	0	0	0.000336278	0	0	0	6.41677e-06	0	0	0	0	0	6.18876e-07	0	0	0	0	0	0	0	0	0	0	0	0	0	0	0	0	0	0	0	0	0	0	0	0.00477964	0	0	0	0	0	0	0	0	0	0	0	0	0	0	0	0	0	0	0	0	0	0	0	0	0	0	0	0	0	0	0	0	0	0	0	0	0	0	0	0	0	0	0	0	0	0	0	0	0	0	0	0	0	0
d1_45	0	0	0	0	0	0	0	1.11279e-06	0	0	0	0	0	0	0	0	0	0	0	0	0	0	0	0	0	2.14679e-05	0	0	0	0	0	0	0	0	0	0	0	0	0	0	0	0	0	0	0	0	0	0	0	0	0	0	0	0	0	0	0	0	0	0	0	0	0	0	0	0	0	0	0	0	0	0	0	0	0	0	0	0	0	0	0	0	0	0	0	0	0	0	0	0	0	0	0	0	0	0	0	0	0	0	0	0
d1_46	0.000637285	0	0	0	0	0	0	0	0	0	0	0	0	0	0	0	0	0	0	0	0	0	0	0	0	0	0	0	0	0	0	0	0	0	0	0	0	0	0	0	0	0	0	0	0	0	0	0	0	0	0	0	0	0	0	0	0	0	0	0	0	0	0	0	0	0	0	0	0	0	0	0	0	0	0	0	0	0	0	0	0	0	0	0	0	0	0	0	0	0	0	0	0	0	0	0	0	0	0	0	0	0
d1_47	0	0	0	0	0	0	0	0	0	0	1.62988e-05	0	0	0.000334832	0	0	0	0	0	0	0	0	0	0	0	0	0	0	0	0	0	0	0	0	0	0	0	0	0	0	0	0	0	0	0	0	0	0	0	0	0	0	0	0	0	0	0	0	0	0	0	0	0	0	0	0	0	0	0	0	0	0	0	0	0	0	0	0	0	0	0	0	0	0	0	0	0	0	0	0	0	0	0	0	0	0	0	0	0	0	0	0
d1_48	0	0	0	0	0	0	0	0	0	0	0	0	0	0	0	0	0	0	0	0	0	0	0	0	0	0	0	0	0	0	0	0	0	0	0	0	0	0	0	0	0	0	0	0	0	0	0	0	0	0	0	0	0	0	0	0	0	0	0	0	0	0	0	0	0	0	0	0	0	0	0	0	0	0	0	0	0	0	0	0	0	0	0	0	0	0	0	0	0	0	0	0	0	0	0	0	0	0	0	0	0	0
d1_49	0	0	0	0	0	0	0	0	0	0	0	0	0	0	0	0	0	0	0	0	0	0	0	0	0	0	0	0	0	0	0	0	0	0	0	0	0	0	0	0	0	0	0	0	0	0	0	0	0	0	0	0	0	0	0	0	0	0	0	0	0	0	0	0	0	0	0	0	0	0	0	0	0	0	0	0	0	0	0	0	0	0	0	0	0	0	0	0	0	0	0	0	0	0	0	0	0	0	0	0	0	0
d1_50	0	0	0	0	0	0	0	0	0	0	0	3.73976e-06	0	0	0	0	0	0	0	0	0	0	0	0	0	0	0	0	0	0	0	0	0	0	0	0	0	0	0	0	0	0	0	0	0	0	0	0	0	0	0	0	0	0	0	0	0	0	0	0	0	0	0	0	0	0	0	0	0	0	0	0	0	0	0	0	0	0	0	0	0	0	0	0	0	0	0	0	0	0	0	0	0	0	0	0	0	0	0	0	0	0
d1_51	0	0	0	0	0	0	0	0	0	0	0	4.20357e-06	0	0	0	0	0	0	0	0	0	0	0	0	0	0	0	0	0	0	0	0	0	0	0	0	0	0	0	0	0	0	0	0	0	0	0	0	0	0	0	0	0	0	0	0	0	0	0	0	0	0	0	0	0	0	0	0	0	0	0	0	0	0	0	0	0	0	0	0	0	0	0	0	0	0	0	0	0	0	0	0	0	0	0	0	0	0	0	0	0	0
d1_52	0	0	0	0	0	0	0	0	0	0	0	0	0	0	0	0	0	0	0	0	0	0	0	0	0	0	0	0	0	0	0	0	0	0	0	0	0	0	0	0	0	0	0	0	0	0	0	0	0	0	0	0	0	0	0	0	0	0	0	0	0	0	0	0	0	0	0	0	0	0	0	0	0	0	0	0	0	0	0	0	0	0	0	0	0	0	0	0	0	0	0	0	0	0	0	0	0	0	0	0	0	0
d1_53	0	0	0	0	0	0	0	0	0	0	0	0	0	0	0	0	0	0	0	0	0	0	0	0	0	0	0	0	0	0	0	0	0	0	0	0	0	0	0	0	0	0	0	0	0	0	0	0	0	0	0	0	0	0	0	0	0	0	0	0	0	0	0	0	0	0	0	0	0	0	0	0	0	0	0	0	0	0	0	0	0	0	0	0	0	0	0	0	0	0	0	0	0	0	0	0	0	0	0	0	0	0
d1_54	0	0	0	0	0	0	0	0	0	0	0	0	0	0	0	0	0	0	0	0	0	0	0	0	0	0	0	0	0	0	0	0	0	0	0	0	0	0	0	0	0	0	0	0	0	0	0	0	0	0	0	0	0	0	0	0	0	0	0	0	0	0	0	0	0	0	0	0	0	0	0	0	0	0	0	0	0	0	0	0	0	0	0	0	0	0	0	0	0	0	0	0	0	0	0	0	0	0	0	0	0	0
d1_55	0	0	0	0	0	0	0	0	0	0	0	0	0	0	0	0	0	0	0	0	0	0	0	0	0	0	0	0	0	0	0	0	0	0	0	0	0	0	0	0	0	0	0	0	0	0	0	0	0	0	0	0	0	0	0	0	0	0	0	0	0	0	0	0	0	0	0	0	0	0	0	0	0	0	0	0	0	0	0	0	0	0	0	0	0	0	0	0	0	0	0	0	0	0	0	0	0	0	0	0	0	0
d1_56	0	0	0	0	0	0	0	0	0	0	0	0	0	0	0	0	0	0	0	0	0	0	0	0	0	0	0	0	0	0	0	0	0	0	0	0	0	0	0	0	0	0	0	0	0	0	0	0	0	0	0	0	0	0	0	0	0	0	0	0	0	0	0	0	0	0	0	0	0	0	0	0	0	0	0	0	0	0	0	0	0	0	0	0	0	0	0	0	0	0	0	0	0	0	0	0	0	0	0	0	0	0
d1_57	0	0	0	0	0	0	0	0	0	0	0	0	0	0	0	0	0	0	0	0	0	0	0	0	0	0	0	0	0	0	0	0	0	0	0	0	0	0	0	0	0	0	0	0	0	0	0	0	0	0	0	0	0	0	0	0	0	0	0	0	0	0	0	0	0	0	0	0	0	0	0	0	0	0	0	0	0	0	0	0	0	0	0	0	0	0	0	0	0	0	0	0	0	0	0	0	0	0	0	0	0	0
d1_58	0	0	0	0	0	0	0	0	0	0	0	0	0	0	0	0	0	0	0	0	0	0	0	0	0	0	0	0	0	0	0	0	0	0	0	0	0	0	0	0	0	0	0	0	0	0	0	0	0	0	0	0	0	0	0	0	0	0	0	0	0	0	0	0	0	0	0	0	0	0	0	0	0	0	0	0	0	0	0	0	0	0	0	0	0	0	0	0	0	0	0	0	0	0	0	0	0	0	0	0	0	0
d1_59	0	0	0	0	0	0	0	0	0	0	0	0	0	0	0	0	0	0	0	0	0	0	0	0	0	0	0	0	0	0	0	0	0	0	0	0	0	0	0	0	0	0	0	0	0	0	0	0	0	0	0	0	0	0	0	0	0	0	0	0	0	0	0	0	0	0	0	0	0	0	0	0	0	0	0	0	0	0	0	0	0	0	0	0	0	0	0	0	0	0	0	0	0	0	0	0	0	0	0	0	0	0
d1_60	0	0	0	0	0	0	0	0	0	0	0	0	0	0	0	0	0	0	0	0	0	0	0	0	0	0	0	0	0	0	0	0	0	0	0	0	0	0	0	0	0	0	0	0	0	0	0	0	0	0	0	0	0	0	0	0	0	0	0	0	0	0	0	0	0	0	0	0	0	0	0	0	0	0	0	0	0	0	0	0	0	0	0	0	0	0	0	0	0	0	0	0	0	0	0	0	0	0	0	0	0	0
d1_61	0	0	0	0	0	0	0	0	0	0	0	0	0	0	0	0	0	0	0	0	0	0	0	0	0	0	0	0	0	0	0	0	0	0	0	0	0	0	0	0	0	0	0	0	0	0	0	0	0	0	0	0	0	0	0	0	0	0	0	0	0	0	0	0	0	0	0	0	0	0	0	0	0	0	0	0	0	0	0	0	0	0	0	0	0	0	0	0	0	0	0	0	0	0	0	0	0	0	0	0	0	0
d1_62	0	0	0	0	0	0	0	0	0	0	0	0	0	0	0	0	0	0	0	0	0	0	0	0	0	0	0	0	0	0	0	0	0	0	0	0	0	0	0	0	0	0	0	0	0	0	0	0	0	0	0	0	0	0	0	0	0	0	0	0	0	0	0	0	0	0	0	0	0	0	0	0	0	0	0	0	0	0	0	0	0	0	0	0	0	0	0	0	0	0	0	0	0	0	0	0	0	0	0	0	0	0
