	d0_0	d0_1	d0_2	d0_3	d0_4	d0_5	d0_6	d0_7	d0_8	d0_9	d0_10	d0_11	d0_12	d0_13	d0_14	d0_15	d0_16	d0_17	d0_18	d0_19	d0_20	d0_21	d0_22	d0_23	d0_24	d0_25	d0_26	d0_27	d0_28	d0_29	d0_30	d0_31	d0_32	d0_33	d0_34	d0_35	d0_36	d0_37	d0_38	d0_39	d0_40	d0_41	d0_42	d0_43	d0_44	d0_45	d0_46	d0_47	d0_48	d0_49	d0_50	d0_51	d0_52	d0_53	d0_54	d0_55	d0_56	d0_57	d0_58	d0_59	d0_60	d0_61	d0_62	d0_63	d0_64	d0_65	d0_66	d0_67	d0_68	d0_69	d0_70	d0_71	d0_72	d0_73	d0_74	d0_75	d0_76	d0_77	d0_78	d0_79	d0_80	d0_81	d0_82	d0_83	d0_84	d0_85	d0_86	d0_87	d0_88	d0_89	d0_90	d0_91	d0_92	d0_93	d0_94	d0_95	d0_96	d0_97	d0_98	d0_99	d0_100	d0_101
d1_0	0	0.140569	0.0271712	0.0132579	0.00970605	0.00490975	0.0140899	0.00859819	0.00746813	0.00551079	0.00575337	0.00270116	0.00366746	0.000426003	0.000452365	0.000861843	0.000231339	0.00602031	0.0051298	0.000945753	0.00869602	0.00508142	0.00106416	0.000281176	0.000446328	0.00106936	0.00525795	8.73362e-05	0.00127638	0.000721279	0.000706453	0.000397601	0.000996048	0.000400321	6.50773e-05	2.23857e-06	0.00139795	3.09578e-06	2.27879e-05	0.000686304	2.05693e-05	0.000214642	8.13238e-08	2.09847e-05	3.18171e-07	6.25544e-06	5.18616e-06	1.4281e-05	0	2.59828e-06	0	0	4.22435e-06	0	0	0	0	0	0	0	5.11899e-06	0	0	0	0	0	0	0	0	0	3.32077e-07	0	0	0	0	4.38989e-06	0	0	0	0	0	0	0	0	0	0	0	0	0	0	0	0	0	0	0	0	0	0	0	0	0	0
d1_1	0.0745466	0.00119116	0.000481024	6.45826e-05	0.00039084	4.9271e-05	0.000698396	4.17599e-05	7.1849e-06	5.26004e-05	0.00133928	2.2373e-05	3.90043e-06	3.58563e-05	2.50294e-06	7.8628e-06	1.48857e-06	1.76086e-06	3.38773e-05	7.32738e-06	0.000240496	0.000755266	2.40067e-05	1.07423e-05	3.20441e-05	0.00455902	0.000332948	0	2.89292e-05	0.000334452	2.53196e-05	0	0	0	1.18322e-05	0	1.39541e-07	0	9.92927e-06	0.000340061	0	7.63499e-06	0	0	0	0	0	9.86764e-07	0	0	0	0	0	0	0	0	0	0	0	0	0	0	0	0	0	0	0	0	0	0	0	0	0	0	0	0	0	0	0	0	0	0	0	0	0	0	0	0	0	0	0	0	0	0	0	0	0	0	0	0	0	0
d1_2	0.019674	2.1129e-05	0.000565592	0.00458812	5.76694e-05	2.92371e-05	2.24211e-05	3.24295e-05	0.000383253	0.00138684	0.00122797	8.53697e-07	2.72978e-05	0.00116623	4.20914e-06	2.04693e-05	1.26602e-05	6.8442e-06	1.58707e-05	0	1.81618e-05	0	1.63069e-06	0	5.66027e-06	0	0	0	1.2228e-06	0	0	0	4.25433e-06	0	0	0	0	0	0	6.54557e-06	0	0	4.46213e-08	0	7.57885e-06	0	0	0	1.63496e-06	0	0	0	0	0	0	0	0	0	0.000351735	0	0	0	0	0	0	0	0	0	0	0	0	0	0	0	0	0	0	0	0	0	0	0	0	0	0	0	0	0	0	0	0	0	0	0	0	0	0	0	0	0	0	0
d1_3	0.0118432	0.00102645	8.64157e-06	1.12275e-05	0.000246681	0.000377263	8.71327e-06	1.93173e-05	7.48204e-06	0.00133551	7.80163e-07	1.35906e-05	1.27391e-06	0.00100908	1.97181e-05	5.72905e-06	0.000359132	2.58638e-05	1.18435e-05	0.000683749	0.000648036	5.36335e-05	2.49497e-05	0	2.66538e-05	1.90897e-05	0.00100597	0	0	6.42842e-06	6.21348e-06	0	0	0	2.68453e-06	0	0	3.66377e-06	0	0.00488623	0	1.24442e-05	0.00454006	0	0	0	0	0	1.36299e-05	0	0	0	8.87369e-07	0	0	0	0	0	0	0	0	0	0	0	0	0	0	0	0	0	0	0	0	0	0	0	0	0	0	0	0	0	0	0	0	0	0	0	0	0	0	0	0	0	0	0	0	0	0	0	0	0
d1_4	0.0041373	3.44773e-05	1.33768e-05	1.51389e-05	3.73864e-05	1.09181e-05	3.28997e-05	4.91158e-06	2.06829e-05	2.50625e-05	0	7.61011e-07	0.000248	0.000682544	1.21829e-05	1.17249e-06	2.75127e-07	0.00522007	2.42786e-06	3.99627e-06	0.000194254	0	0	1.39419e-05	3.17471e-06	0	0	0	0.00133515	0	1.47072e-05	2.19046e-05	0	4.33813e-06	0	0	0.000670559	0	0	0	0.000344569	0	0	1.60744e-05	0	0	0.000228373	0	0	0.000647515	0	0	0	0	0	0	0	0	0	0	0	0	0	6.56447e-06	0	0	0	0	0	0	0	0	0	0	0	0	6.46273e-06	8.97794e-07	0	0	0	0	0	0	0	0	0	0	0	0	0	0	0	0	0	0	0	0	0	0	0	0
d1_5	0.00357194	1.58267e-06	3.1038e-05	7.26675e-06	4.12335e-05	1.05292e-05	2.32132e-05	0.00944315	0	0.000243805	2.78182e-07	1.48086e-05	1.85466e-05	1.84504e-06	0.00523667	1.03988e-06	1.45061e-05	0.000986584	1.17502e-05	0.000374159	0.000355742	1.3534e-06	1.30852e-05	6.88482e-06	1.10699e-05	1.01025e-05	8.73067e-06	4.9688e-06	6.72341e-06	0	0.000664234	0.000236575	0	7.96765e-06	0	0.000160002	1.3794e-06	0.000522713	0	0	0.000991278	0	0	0	2.13576e-05	0	0	0	0	2.28789e-05	0	2.73237e-07	2.3772e-06	0	0	0	0	0	0	0	0	0	0	0	0	4.92495e-07	0	0	0	0	0	0	0	0	0	0	0	0	0	0	0	0	0	0	0	0	0	0	0	0	0	0	0	0	0	0	0	0	0	0	0	0
d1_6	0.00199659	0.0048956	0.00103189	2.78771e-06	2.22883e-05	0.000690411	2.52297e-05	0.00169069	0.000190538	0	3.0528e-05	0	7.94604e-06	0.000647515	1.11469e-06	0	1.04656e-06	0	2.73782e-05	7.88123e-06	3.40823e-08	0	0	4.83198e-06	1.03553e-05	0	0	0	0	0.000647515	0	0.00068096	0	0	0	0.00022017	0	0	0	0	1.60302e-06	0	0	0	0.00021743	0	0	0	1.83539e-05	0	1.31454e-05	0	0	0	0	0	0	0	0	0	0	0	0	0	0	0	2.34449e-06	0	0	0	0	0	0	0	0	0	0	0	0	0	0	0	0	0	0	0	0	0	0	0	0	0	0	0	0	0	0	0	0	0	0	0
d1_7	0.00210987	1.43711e-05	1.19848e-05	8.03456e-06	0.00489297	0.000560736	0	2.50936e-06	3.26502e-05	7.66705e-06	0.000991518	2.62399e-05	0.000360965	4.61962e-06	0.0019715	1.04488e-07	1.87253e-06	0.00392213	1.9249e-05	3.85193e-06	0	7.65893e-06	0	1.60078e-05	2.70731e-06	1.06997e-06	0	0.000335372	0.000670703	7.57641e-06	0	0	0	0.000658476	0	9.91877e-07	0	0	0	0	0	0	0	0	0	0	0.0003463	0.000649814	0	0	0	0	0	1.07994e-06	0	0	0	0	0	0	0	0	0	0	0	0	0	0	0	0	0	0	4.39316e-06	0	0	0	0	0	0	0	0	0	0	0	0	0	0	0	0	0	0	0	0	0	0	0	0	0	0	0	0	0
d1_8	0.00591886	5.10018e-05	1.3733e-05	1.70872e-05	5.71e-06	4.6829e-05	2.38914e-05	1.07034e-05	3.30112e-05	2.86198e-05	1.59033e-05	0	0	0.000693505	0.00520599	1.45998e-07	2.56596e-05	1.54388e-05	7.43591e-06	4.2818e-06	0.00455068	1.0523e-05	1.86282e-05	4.00367e-06	0	1.57251e-05	0	9.3298e-06	1.44555e-05	0	1.85129e-05	4.78559e-06	4.23423e-06	0.000653565	0	2.71208e-05	3.28331e-06	0	0	0	0	0.000995083	0	0	0.00486443	0	2.7857e-05	0.00455441	0	0	0	0.00456238	0	0	0	0	0	0	0	0	0	0	0	0	0	0	0	0	0	0	0	0	0	0	0	0	0	0	0	0	0	0	0	0	0	0	0	0	0	0	0	0	0	0	0	0	0	0	0	0	0	0
d1_9	0.000808587	4.37611e-05	1.49164e-05	2.74668e-06	1.29935e-05	0.00459429	0.00055631	2.03648e-05	5.21119e-07	1.3727e-05	0.000373404	1.19959e-06	1.1118e-05	2.96482e-05	3.82059e-06	2.62931e-06	0.000537212	0	0.000220739	2.62318e-05	1.02564e-05	3.19028e-05	0.000656077	0.000356428	6.07967e-06	2.18084e-05	0	9.87337e-07	0	1.2207e-07	1.28331e-05	0.00488687	3.51388e-06	0	0	0	0	0	0	0	0	0	0	0	0	0	0	0.000134889	0	0	0	0	0	0.000194254	0	0	0	0.000971272	0	0.000971272	0	0	0	0	0	0	0	0	0	0	0	0	0	0	0	0	0	0	0	0	0	0	0	0	0	0	0	0	0	0	0	0	0	0	0	0	0	0	0	0	0	0
d1_10	0.00284111	2.23876e-05	0.000683534	1.09466e-05	0.000361754	3.96989e-06	3.6833e-05	5.82542e-07	0.000225574	1.23026e-05	0	8.97565e-06	0	9.47416e-06	0.00021144	0.000342979	6.36132e-06	0	0	0.00102638	0.000323757	0.000971272	0	3.0672e-06	0	0.000978453	0	2.08641e-05	0	0	9.33345e-06	0.000647515	3.69474e-06	1.31954e-05	0	0	0	0	0	0.00129503	0.000973669	0	0	0	0	0	0	0.000105433	0	0.000323757	0	0	0	0	9.22502e-06	0	0	0	0	0	0	0	0	0	0	0	0	0	0.000647515	0	0	0	0	0	0	0	0	0	0	0	0	0	0	0	0	0	0	0	0	0	0	0	0	0	0	0	0	0	0	0	0	0
d1_11	0.00666702	3.00719e-06	1.37939e-05	0.000682956	0.000364396	7.44526e-06	0.000665368	1.11361e-05	2.26029e-05	0	0.000350692	2.23559e-05	0	0	9.31011e-06	1.27379e-05	0	9.93043e-06	0	0.000655106	6.29784e-06	1.46067e-05	0.000691658	8.12686e-06	4.91005e-06	0.00455012	0	0	0.0045326	0	0.000647621	1.28344e-05	0	4.1498e-06	1.42733e-05	0.00487753	0	0	0.00120506	0	0	2.17955e-05	0	0	0	0	0	0	0	0	0	0	0	0	0	0	0	0	0	0	0	0	0	0	0	0	0	0	0	0	0	0	0	0	0	0	0	0	0	0	0	0	0	0	0	0	0	0	0	0	0	0	0	0	0	0	0	0	0	0	0	0
d1_12	0.000386723	0.000661173	1.61418e-05	0	4.07146e-05	9.71165e-06	1.05974e-05	4.53072e-07	0	0.000381988	5.52658e-06	0	0	8.1014e-06	2.30665e-05	0.000548646	9.40909e-06	0.00570308	0	0.00392131	0.000355794	0	0	1.00409e-06	0	7.09014e-07	0	3.02802e-05	1.18488e-06	0	0.000659763	0.000668736	0	0	0.000130097	0	1.13256e-05	0	0.000740797	0	0	0	0	0	7.58518e-06	0	0	0	0	0	0	0	0	0	0	0	0	0	0	0	0	0	0	0	0	0	0	0	0	0	0	0	0	0	0	0	0	0	0	0	0	0	0	0	0	0	0	0	0	0	0	0	0	0	0	0	0	0	0	0	0	0
d1_13	0.00034693	5.00757e-05	0.000678716	5.42804e-05	3.23106e-05	0.000359989	0.00120726	6.50382e-08	0.000674985	1.52211e-05	3.12578e-06	0.00620906	0	6.75778e-06	7.21716e-06	1.90525e-05	6.18085e-06	0	1.04358e-05	0.000647515	0	2.38419e-05	1.90896e-05	1.7127e-05	0	0	2.60267e-06	0.000226621	0.000793197	5.98663e-06	0.000194254	0	1.26564e-06	6.77606e-06	0	0	0	0.000327073	0	2.21482e-06	4.83414e-06	2.28444e-06	0	0	0	0.000658814	0.000323757	0.0045495	0	0	1.06826e-05	0	0	0	0	0	0	0	0	0	0	0	0	0	0	0	0	0	0	0	0	0	2.60681e-06	0	0.00454061	0	0	0	0	0	0	0	0	0	0	0	0	0	0	0	0	0	0	0	0	0	0	0	0	0	0	0
d1_14	0.000498586	4.00142e-06	1.83976e-05	3.48078e-06	9.79305e-06	0.000680236	0	0	0	5.676e-06	4.62892e-06	9.90708e-06	3.62302e-06	2.53067e-05	1.18522e-05	1.81032e-05	2.98254e-05	0.000327778	1.44218e-05	1.31516e-05	0	1.39469e-06	0	1.88071e-06	0	0	0	0	0	0	0	0	7.82318e-06	0.000526972	0	3.96676e-08	0.000359965	0	0	0.0045326	0	0	0	0	0	0	0	1.04534e-05	0	0	0.0045326	0	0.000649593	0	0	0	0	0	0	0	0	0.00455166	0	0	0	0	0	0	0	0	0	0	0	0	0	0	0.00391744	0	0	0	0	0	0	0	0	0	0	0	0	0	0	0	0	0	0	0	0	0	0	0	0	0
d1_15	0.00020502	2.22032e-06	3.45713e-06	8.47191e-06	0.000330981	0	0	4.08647e-06	0	0	0	0	1.32701e-06	0	0	6.67355e-06	1.34934e-06	0	1.86519e-06	0	0	0	0.000158711	0	1.27684e-05	1.18872e-05	2.70139e-06	0	0	8.52609e-08	7.29239e-06	0	2.76057e-05	0.000433571	0	0	0	0	0	0	0.00486161	0	0	0	0	9.56317e-06	0	0	0	0.000221669	0	0	0	2.85428e-05	0	0	0	0	0	0	0	0	0	0	0	0	0	0	0	0	0	0	0	0	0	0	0	0	0	0	0	0	0	0	0	0	0	0	0	0	0	0	0	0	0	0	0	0	0	0	0	0
d1_16	0.000216048	0	1.08246e-06	1.51127e-05	7.86812e-07	7.38628e-06	2.91486e-05	0	0	1.27825e-05	0	5.9312e-06	5.05982e-06	3.424e-05	0.00068054	5.77422e-05	1.83621e-05	0	0	0.000649486	0.000161857	0.000351029	0	0	0.000202042	0	2.16334e-06	0	4.99684e-07	0.00488179	0	0.0013028	1.4564e-07	0	0.0045441	0.000323757	0	0.000526606	0.000654914	0	0	0	0	0	0	0.00118115	0	0	0	6.9081e-06	0	0	0.000324418	0	0	0	0	0	0	0	0	0	0.000145439	0	0	0	0	0	0	0	0	0	0	0	0	0.000647515	0.000326984	0	0	0	0	0	0	0	0	0	0	0	0	0	0	0	0	0	0	0	0	0	0	0	0	0
d1_17	0.000325285	0.000984396	0.00137744	0	1.77668e-05	3.54829e-07	8.41387e-06	1.01993e-05	7.74079e-06	0	0	0.000561717	0.000339448	3.32766e-05	4.30372e-06	0.000647515	0	0.00454252	3.42205e-07	0	0	2.04865e-05	0.000995388	2.57631e-05	0	5.48007e-06	0	2.12414e-06	2.47293e-06	0	0.000651165	0	0	1.79177e-05	1.1416e-06	0	1.1981e-06	1.70803e-05	0	1.01181e-05	0.000647515	0.00454556	0	1.30755e-06	0	0	0	0.00522039	0	7.40572e-06	0.0045326	0	0	0	0	0	0	0	2.32318e-05	7.44591e-06	0	0	0	0	0	0	0	0	0	0	0	0	3.3713e-06	0	0	0	6.31954e-06	0	0	0	0	0	0	6.86783e-06	0	0	0	0	0	0	0	0	0	0	0	0	0	0	0	0	0	0
d1_18	0.000111024	2.33172e-05	0	1.27737e-05	3.41149e-05	0	0	8.72334e-06	0.000338138	1.9054e-06	0.000340434	1.42981e-05	1.4189e-05	0	0	0.000659465	1.1894e-05	0	0	0	0	0	0.000647515	0	0	0	0	0	6.59395e-06	8.88224e-06	0	0	0	8.41867e-06	5.63464e-06	0.000528381	0.00035085	0.000677613	0	0	0	0	9.55419e-07	0	0.000534681	0	0	0	0	0	0.00485636	0.0045326	0	0	2.54666e-06	0	0	0	0	0	0	0.00454958	0	0	8.58375e-06	0	0	1.88122e-06	0	0	1.19425e-05	0	0	0	0.000323896	0	1.17536e-05	0.00118997	0	0	0	0	0.00130861	0	0	0	0	0	0	0	0	0	0	0	0	0	0	0	0	0	0	0
d1_19	9.54475e-05	6.18371e-06	1.56143e-05	3.00869e-06	0	0.000993806	0.000125339	0	0	0.000664406	0	1.16793e-06	0	0	3.48876e-06	3.55693e-06	3.1761e-06	1.3514e-05	0	1.86178e-06	0.00129503	7.23463e-06	0.00035991	2.32702e-06	0	0	2.09446e-05	3.16735e-06	0	0.000129503	0	0	0.0009957	0.0045326	0	0	0	0	0.000691754	0	0.00098954	0.000980182	4.7618e-06	1.47726e-05	0.000654859	0	0	0	0	0.000537135	0.000331601	0	0	0	0	0	0.000672716	0	0	0	0.000647515	0	0	0	0	0	0	0	0	0	0	0	0	0	0	0	0	0	0	0	0	0	0	0	0	0	0	0	0	0	0	0	0	0	0	0	0	0	0	0	0	0
d1_20	0.00010772	2.22355e-06	2.16266e-05	2.8196e-06	2.72273e-06	0	1.25204e-05	4.66336e-06	0.000647515	0.000329857	0	0.000650708	0	0	1.04695e-05	1.8764e-05	0	0	0	0.0045326	1.31875e-05	0	4.83077e-09	0	0	0	0	0	0	0.000524045	1.12545e-05	0	0	0.000240699	0	0	0	5.5844e-06	3.13395e-06	1.00607e-05	0	0.000647515	1.83579e-07	0	0	0	0	4.69142e-06	0	0	0	0	0	0	0	0	0	0	0	0	4.98531e-06	0	0	0.00453286	0	0	0	0	0	0	0	0	0	1.13067e-06	0	0	0	0	0	0	0	0	0	0	0	0	0	0	0	0	0	0	0	0	0	0	0	0	0	0	0	0
d1_21	6.96094e-05	0	7.00793e-06	0	0	0	0	2.1984e-05	0	0	0	0	8.44774e-06	0.0011787	0	0	5.26592e-06	0	0	0	1.10162e-05	1.73665e-05	1.50067e-06	0	0.000690529	0.000658828	1.8626e-06	0	0	0	0.00476673	0	8.4112e-07	0	0.000220255	0	0	0	0	0	0	0	0	0	0	0.000990382	7.69125e-06	0.000971272	0	0	0	0	0	4.79239e-06	0	0.000647515	0	0.000674475	0	0.000341576	2.16324e-05	0	0	0	0	0.00485838	0	0	0	0	0	0	0	0	0	0	0	0.000666623	0	0	0	0	0	0	0	0	0	0	0	0	0	0	0	0	0	0	0	0	0	0	0	0
d1_22	4.27494e-05	2.26391e-05	4.55903e-06	0.000359099	1.77642e-05	0	0	0	0	0	0	0	0	0	0	0	6.15061e-06	0	0	0	8.50147e-06	0	0	0	0	0	0	0	0	0.00485636	0	0	0	0	0	0	0	0	0.000647515	0.000518012	0	0	0	0	3.71202e-06	0	0	9.7028e-06	0	0	0	0	0	1.21023e-05	0	0	0	0	8.11693e-06	0	0	0	0	0	0	0	0	0	0.000647515	0	1.23663e-05	0	0	0	0	0	0	0	0	0	0	0	0	0	0	0	0	0	0	0	0	0	0	0	0	0	0	0	0	0	0	0
d1_23	0.00172729	0	0	1.06278e-05	0.00017885	0	0	7.56197e-06	0	4.16094e-06	0	0	0	6.65277e-06	0	0.000648938	0	0	0	0	0.000546254	1.45392e-05	0	1.64288e-05	0	0	3.18948e-06	0	0	0	0	0	0	0	0.00485868	0.0045326	0	0.000647515	0.000971272	0.00116553	3.3878e-06	0	0	0	0	0	0	0	0	0	0	0	0	0	0	0	0	0.000647515	0	0	0.000146959	0	0	0	0	0	0	0	0	0	0	0	0	0	0	0	0	0	0	0	0	0	0	0	0	0	0	0	0	0	0	0	0	0	0	0	0	0	0	0	0	0
d1_24	8.57835e-05	0	1.84608e-06	4.58768e-07	1.05211e-05	0	0	3.01141e-06	1.27118e-05	0.00455204	0.00022784	0	0	0	0.000224529	0.000354595	0.000971272	0	2.3761e-06	0	0	0.000331568	1.94349e-06	0	0	0	0	0	8.28819e-06	0	5.37428e-06	0	0	0	0	0	0	0	0	0.000323757	0	1.00824e-05	0	0.00485636	0	0	0	0	0	0	0	0	0	0	0	0	0	0.000344564	0	0	0	0.000194254	0	0	0.000664224	0	0	6.42951e-06	0	0	0	0	0	0	0	0	0	0	0	0	0	0	0	0	0	0	0	0	0	0	0	0	0	0	0	0	0	0	0	0	0	0
d1_25	6.72351e-05	0	0	3.43484e-06	0.000547812	0	6.46536e-06	0.000332729	2.22639e-05	0	0	5.77992e-06	0	2.51539e-06	0	0	0.0045326	0	0	0	0.00488282	3.19114e-05	1.41427e-06	6.90228e-07	0	0	0	0	0	0	0	3.65478e-06	0	0	0	0	0.000984801	0	0.00117106	0	0.00507906	7.74928e-06	0	0	0	2.07073e-05	0	1.28206e-06	0	0	0	0.000982623	0	0	0	0	0	0	1.97046e-05	0	0	0	0	0	0	0	0	0	0	0	0	0	0	0	0	0	0	0	0	0	0	0.000659643	0	0	0	0	0	0	0	0	0	0	0	0	0	0	0	0	0	0	0	0
d1_26	8.1647e-06	5.70152e-07	4.38476e-06	0	2.97002e-06	0	4.69207e-06	0	1.17305e-05	0	0	0.000671956	4.14244e-07	0	0	0.00454154	0.00065782	0.000655666	0	0.00540747	0.000995869	0	5.16908e-06	0	0	0	0	0.000337041	0	0	0	0	0	0.000354988	0	0	0	8.26066e-06	0	0	0	0	0.0045326	0	0	0.0045326	3.30392e-06	0	0.000323757	0	0	0	0	0	0.000661966	0	0	0	0.000648137	0	0	0.000678279	0	0	0	0	0	0	0	0	0	0	0	0	0	0	0	0	0	0	0	0	0	0	0	0	0	0	0	0	0	0	0	0	0	0	0	0	0	0	0	0
d1_27	0.00100942	0	0	0	0	0	1.01039e-05	5.60653e-07	1.51895e-05	0	1.06444e-05	0	0	0.000149153	0	0	0	0	0	0	0	0.000352108	4.15339e-07	0	0	0	0	0	0	0	0	0.000971272	0	0	0	0	0	0	0	0.000150516	0.000653685	0	0	0	0	0	0.000689398	0	0.0045326	2.31267e-05	0	0	0.000323757	0	0	0.00519319	0	0	0	0	0	0	0	0.00116553	0	0	0	0	0	0	0	0	0	0	0	0.000974764	0	0	0	0	0	0	0	0	0	0	0	0	0	0	0	0	0	0	0	0	0	0	0	0	0	0
d1_28	3.47851e-05	0	0.00488199	1.41057e-06	0	1.1794e-05	0	0	0	1.93423e-06	0	0	0	0	0	0	0	0	0	0	0	0	1.08355e-06	0	0	0	0	0.000234385	0	0	0	0	0	0	0	0	0	0	0	0.0045326	1.44823e-05	0	0	0	0	0	0	0	0	1.15238e-05	0	0	0	0	0.000992671	0	0	0	0	0	0	0	0	0	0	0	0	0	0	0	0	0	0	0	0	0	0	0	0	0	0	0	0	0	0	0	0	0	0	0	0	0	0	0	0	0	0	0	0	0	0	0
d1_29	0	0	0	5.89667e-06	9.38741e-06	0	0	0	0	0	0	0	0	0.00505061	0	1.81564e-06	0	0	6.44545e-06	0	0	0	0.000647515	0	0	0	0	0	0	0	0	0.00119823	0	0	0	0	0	0	0	0	0.0045326	0	0	0	0	0	0	0	0	0	0	0	0	0	0	0	0	0.000989099	0	0	0	0	0	0	0	0	0	0	0	0	0	0	0	0	0	0	0	0	0	0	0	0	0	0	0	0	0	0	0	0	0	0	0	0	0	0	0	0	0	0	0	0
d1_30	5.31919e-06	0	0	0	0	0	0	0	0	2.46849e-05	0	2.96177e-06	7.9255e-07	2.83724e-05	6.90663e-06	0	0	0	0	0.00116553	1.00255e-05	0	7.18201e-07	0	0	0	7.94702e-06	0	0.00132309	0	0	0	0	0	0	0	0	0	0	0	0	0	0	0	0	0	0	0	0	0	0	0	0	0	0	0	0	0	0	0	0	0	0	0	0	0	0	0	0	0	0	0	0	0	0	0	0	0	0	0	0	0	0	0	0	0	0	0	0	0	0	0	0	0	0	0	0	0	0	0	0	0
d1_31	0.00137919	1.52624e-05	0	0.0039	0	0	1.72482e-06	0	0.00118646	0	0	0.000350003	0	1.03386e-05	0.00519321	0.000137946	0	0	0.00217545	5.71995e-07	0.0045326	0.000518012	0.00120829	0	0	5.74709e-06	0	0	0	0	0	0.000327038	0	0	1.69468e-06	0	4.7162e-06	0	0	0	0	0	0	0	0	0	0	0	0	0	0	0	0	0.000665019	0	0	0	0.000971272	0	0	0	0	0	0	0	0	0	0	0	0	0	0	0	0	0	0	0	0	0	0	0	0	0	0	0	0	0	0	0	0	0	0	0	0	0	0	0	0	0	0	0	0
d1_32	4.69046e-06	0	0	0	0	0	0.00455489	1.07973e-05	0	0	1.1639e-05	0	0	0	0	0.00454244	0	7.70786e-06	3.14933e-07	0	0	0	0	0	0	0	0	0	0	0	0	0	0.000531831	0	0	0	0	0	0	0	0	0	0	0	0	0	0	1.04801e-05	0	0	0	0	0	0	0	0	0	0	0	0	0	0	0	0	0	0	0	0	0	0	0	0	0	0	0	0	0	0	0	0	0	0	0	0	0	0	0	0	0	0	0	0	0	0	0	0	0	0	0	0	0	0
d1_33	0	0	0	0	0	0	0	0	0	1.49183e-05	0	0	0	0	0	0	0	0	0	0	0	0	0	0.0045326	0	0	0	0	0	0	2.29401e-05	0	0	0	1.83431e-05	0.00505177	0	0	0.000971272	0	0	0	0	0	0	2.59016e-07	0	0	0	0	0.00485636	0	6.99352e-06	0	0	0	0	0	0	0	0	0	0	0	0	0	0	0	0	0	0	0	0	0	0	0	0.000647515	0	0	0	0	0	0	0	0	0	0	0	0	0	0	0	0	0	0	0	0	0	0	0	0	0
d1_34	0	0	5.91619e-07	0	0.000647515	0	0	0	0	0	0	0	0.000351162	0	0	1.54436e-05	4.8109e-06	1.6609e-05	0	0	0	0	0.00507032	0	0	0	0	0	0	0	0	0	0	0	0	0	0.0045326	0	0	0	0	0	0	0	0	0	0	0	0	0	0	0	0	0	0	0	0	0	0	0	0	0	0	0	0	0	0	0	0	0	0	0	0	0	0	0	0	0	0	0	0	0	0	0	0	0	0	0	0	0	0	0	0	0	0	0	0	0	0	0	0	0
d1_35	2.32586e-06	0	0	0	0	0	0.00454211	0.00100689	0	0	0	0.000656333	0	0	0	0	0	0	0	0	0	1.67202e-06	0	0	0	8.39669e-07	0	0	7.67464e-06	0	0	0	0	0	0.0045326	0	0	0	0	0.000227336	0	0	0	0	0	0	0.000346543	0	0	0	7.63546e-06	0	0	0	0	0	0	0	0	0	0	0	0	0	0	0	0	0	0	0	0	0	0	0	0	0	0	0	0	0	0	0	0	0	0	0	0	0	0	0	0	0	0	0	0	0	0	0	0	0	0	0
d1_36	4.527e-06	0	0	0	0	0	0	0	0	0.000356918	0	0	0	0	0.00456538	0	0	0	0.000327974	0	0	0	0	0	0	0	6.71618e-06	2.32779e-06	0	0	0	0	0.000971272	0	0	0.000983941	0	0	0	0	0	0	0	0	0	0	0	0	0	0	0	0	0	0	0	0	0	0	0	0	0	0	0	0	0	0	0	0	0	0	0	0	0	0	0	0	0	0	0	0	0	0	0	0	0	0	0	0	0	0	0	0	0	0	0	0	0	0	0	0	0	0
d1_37	0	0	0	0	0	0	0	0	0	0	0	0	0	0	0	0	0	1.13624e-05	0.00505614	1.14467e-07	0	0.000323757	0	0	0	0	7.55874e-06	0	0	0	0	0	0	0	1.76662e-07	1.72154e-06	0.000653209	0.000647515	0	0	0	2.61847e-06	0	0	0.00033072	0	0	0	0.000647515	0	0	0	0	0	0	0	0	0	0	0	0	0	0	0	0	0	0	0	0	0	0	0	0	0	0	0	0	0	0	0	0	0	0	0	0	0	0	0	0	0	0	0	0	0	0	0	0	0	0	0	0	0
d1_38	0	0	0	0	0	0	0	0	0	0	0	0	0	0	1.06852e-05	0	0	0	1.39448e-05	0	2.27843e-06	0	0	0	3.69895e-06	0	0	0	0	0	0	0	0	0	0	0	0	0	0.000671501	0	0	0	0	0	0	0	0	0	0	0	0	0	0	0	0	0	0	0	0	0	0	0	0	0	0	0	0	0	0	0	0	0	0	0	0	0	0	0	0	0	0	0	0	0	0	0	0	0	0	0	0	0	0	0	0	0	0	0	0	0	0	0
d1_39	0	0	5.75683e-06	0	0	0.000220891	0	0	0	0	0	0	0	0	0	0	0	0	0	0	0	0	0	0	0	0	0	0	5.91632e-07	0	0	0	0	0	0	0.00505761	0	0	0	0	0	0	0	0	0	0	0	0	0	0	0	0	0	0	0	0	0	0	0	0	0	0	0	0	0	0	0	0	0	0	0	0	0	0	0	0	0	0	0	0	0	0	0	0	0	0	0	0	0	0	0	0	0	0	0	0	0	0	0	0	0	0
d1_40	0	0	0	0	0	0	0	0	0	4.83728e-06	0	0	0	0	0	0	0	0	0	0	0	0	0	0	0	0	0	0	0	0	0	0	0.000654067	0	0	0	0	0	0	0	0	0	0	0	0	0	0	0	0	0	0	0	0	0	0	0	0	0	0	0	0	0	0	0	0	0	0	0	0	0	0	0	0	0	0	0	0	0	0	0	0	0	0	0	0	0	0	0	0	0	0	0	0	0	0	0	0	0	0	0	0	0
d1_41	0	0	0	0.00390577	0	0	0	0	0	0	0	0	0	0	0	0	0	0	0	0	0	0	0.0045326	0	0	0	0	0	0	0	0	0	0	0	0	0	0	0	0	0	0	0	0	0	0	0	0	0	0	0	0.00453475	0	0	1.69128e-08	0	0	0	0	0	0	0	0	0	0	0	0	0	0	0	0	0	0	0	0	0	0	0	0	0	0	0	0	0	0	0	0	0	0	0	0	0	0	0	0	0	0	0	0	0	0	0	0
d1_42	2.31312e-06	0	0	0	0	0	0	1.80868e-05	0	0	0	1.098e-06	0	0	0	0	0	0	0	0	0	0	0	0	0	0	0	0	0	0	0	0	0	0	0	0	1.39029e-07	0	0	0	0	0	0	0	0	0	0	0	0	0	0	0	0	0	0	0	0	0	0	0	0	0	0	0	0	0	0	0	0	0	0	0	0	0	0	0	0	0	0	0	0	0	0	0	0	0	0	0	0	0	0	0	0	0	0	0	0	0	0	0	0	0
d1_43	0	0	0	0	0	0	0	0	0	0	0	0	0	0	0	0	0	0	0	0	0	0	0	0	0	2.37563e-06	0	0.00034966	0	1.16999e-05	0.000647515	0	0	0	0	0.000647515	0	0	0	0	0	0	0	0	0	0	0	0	0	0	0	0	0	0	0	0	0	0	0	0	0	0	0	0	0	0	0	0	0	0	0	0	0	0	0	0	0	0	0	0	0	0	0	0	0	0	0	0	0	0	0	0	0	0	0	0	0	0	0	0	0	0
d1_44	0	0	0	0	0	0	0	0	0	0	0	0	0	0	0.000323757	0	0	0	0	0	0.0045326	0	0	0	0	0	0	0	0.00485636	0	0	0	0	0	0	0	0	0	0	0	0	0	0	0	0	0	0	0	0	0	0	0	0	0	0	0	0	0	0	0	0	0	0	0	0	0	0	0	0	0	0	0	0	0	0	0	0	0	0	0	0	0	0	0	0	0	0	0	0	0	0	0	0	0	0	0	0	0	0	0	0	0
d1_45	0	0	0	0	0	0	0	0	0	0	0	0	0	0	0	6.95064e-07	0	0	0	0	0	0	0	0	0	0	0	0	0	0	0	0	0	0	0	0	0	0	0	0	0	0	0	0	0	0	0	0	0	0	0	0	0	0	0	0	0	0	0	0	0	0	0	0	0	0	0	0	0	0	0	0	0	0	0	0	0	0	0	0	0	0	0	0	0	0	0	0	0	0	0	0	0	0	0	0	0	0	0	0	0	0
d1_46	0	0	0	0	0	0	0	0	0	0	0	0.000656049	0	0	0	0	0	0	0	0	0	0	0	0	0	0	0	0	0	0	0	0	0	0	0	0	0	0	0	0	0	0	0	0	0	0	0	0	0	0	0	0	0	0	0	0	0	0	0	0	0	0	0	0	0	0	0	0	0	0	0	0	0	0	0	0	0	0	0	0	0	0	0	0	0	0	0	0	0	0	0	0	0	0	0	0	0	0	0	0	0	0
d1_47	0	0	0	0	0	0	0	0	0	0	0	0	0	0	0	0	0	0	0	0	0	0	0	0	0	0	0	0	0	0	0	0	0	0	0	0	0	0	0	0	0	0	0	0	0	0	0	0	0	0	0	0	0	0	0	0	0	0	0	0	0	0	0	0	0	0	0	0	0	0	0	0	0	0	0	0	0	0	0	0	0	0	0	0	0	0	0	0	0	0	0	0	0	0	0	0	0	0	0	0	0	0
d1_48	0	0	0	0	2.73315e-06	0	0	0	0	1.33946e-05	3.86752e-06	0	0	0	0	0	0	0	0	0	0	0	0	0	0	0	0	0	0	0	0	0	0	0	0	0	0	0	0	0	0	0	0	0	0	0	0	0	0	0	0	0	0	0	0	0	0	0	0	0	0	0	0	0	0	0	0	0	0	0	0	0	0	0	0	0	0	0	0	0	0	0	0	0	0	0	0	0	0	0	0	0	0	0	0	0	0	0	0	0	0	0
d1_49	0	0	0	0	0	0	0	0	0	0	0	0	0	0	0	0	0	0	0	0	0	0	0	0	0	0	0	0	0	0	0	0	0	0	0	0	0	0	0	0	0	0	0	0	0	0	0	0	0	0	0	0	0	0	0	0	0	0	0	0	0	0	0	0	0	0	0	0	0	0	0	0	0	0	0	0	0	0	0	0	0	0	0	0	0	0	0	0	0	0	0	0	0	0	0	0	0	0	0	0	0	0
d1_50	0	0	0	0	0	0	0	0	0	0	0	0	0	0	0	0	0	0	0	0	0	0	0	0	0	0	0	0	0	0	0	0	0	0	0	0	0	0	0	0	0	0	0	0	0	0	0	0	0	0	0	0	0	0	0	0	0	0	0	0	0	0	0	0	0	0	0	0	0	0	0	0	0	0	0	0	0	0	0	0	0	0	0	0	0	0	0	0	0	0	0	0	0	0	0	0	0	0	0	0	0	0
d1_51	0	0	0	0	0	0	0	0	0	0	0	0	0	0	0	0	0	0	0	0	0	0	0	0	0	0	0	0	0	0	0	0	0	0	0	0	0	0	0	0	0	0	0	0	0	0	0	0	0	0	0	0	0	0	0	0	0	0	0	0	0	0	0	0	0	0	0	0	0	0	0	0	0	0	0	0	0	0	0	0	0	0	0	0	0	0	0	0	0	0	0	0	0	0	0	0	0	0	0	0	0	0
d1_52	0	0	0	0	0	0	0	0	0	0	0	0	0	0	0	0	0	0	0	0	0	0	0	0	0	0	0	0	0	0	0	0	0	0	0	0	0	0	0	0	0	0	0	0	0	0	0	0	0	0	0	0	0	0	0	0	0	0	0	0	0	0	0	0	0	0	0	0	0	0	0	0	0	0	0	0	0	0	0	0	0	0	0	0	0	0	0	0	0	0	0	0	0	0	0	0	0	0	0	0	0	0
d1_53	0	0	0	0	0	0	0	0	0	0	0	0	0	0	0	0	0	0	0	0	0	0	0	0	0	0	0	0	0	0	0	0	0	0	0	0	0	0	0	0	0	0	0	0	0	0	0	0	0	0	0	0	0	0	0	0	0	0	0	0	0	0	0	0	0	0	0	0	0	0	0	0	0	0	0	0	0	0	0	0	0	0	0	0	0	0	0	0	0	0	0	0	0	0	0	0	0	0	0	0	0	0
d1_54	0	0	0	0	0	0	0	0	0	0	0	0	0	0	0	0	0	0	0	0	0	0	0	0	0	0	0	0	0	0	0	0	0	0	0	0	0	0	0	0	0	0	0	0	0	0	0	0	0	0	0	0	0	0	0	0	0	0	0	0	0	0	0	0	0	0	0	0	0	0	0	0	0	0	0	0	0	0	0	0	0	0	0	0	0	0	0	0	0	0	0	0	0	0	0	0	0	0	0	0	0	0
d1_55	0	0	0	0	0	0	0	0	0	0	0	0	0	0	0	0	0	0	0	0	0	0	0	0	0	0	0	0	0	0	0	0	0	0	0	0	0	0	0	0	0	0	0	0	0	0	0	0	0	0	0	0	0	0	0	0	0	0	0	0	0	0	0	0	0	0	0	0	0	0	0	0	0	0	0	0	0	0	0	0	0	0	0	0	0	0	0	0	0	0	0	0	0	0	0	0	0	0	0	0	0	0
d1_56	0	0	0	0	0	0	0	0	0	0	0	0	0	0	0	0	0	0	0	0	0	0	0	0	0	0	0	0	0	0	0	0	0	0	0	0	0	0	0	0	0	0	0	0	0	0	0	0	0	0	0	0	0	0	0	0	0	0	0	0	0	0	0	0	0	0	0	0	0	0	0	0	0	0	0	0	0	0	0	0	0	0	0	0	0	0	0	0	0	0	0	0	0	0	0	0	0	0	0	0	0	0
d1_57	0	0	0	0	0	0	0	0	0	0	0	0	0	0	0	0	0.00455507	0	0	0	0	0	0	0	0	0	0	0	0	0	0	0	0	0	0	0	0	0	0	0	0	0	0	0	0	0	0	0	0	0	0	0	0	0	0	0	0	0	0	0	0	0	0	0	0	0	0	0	0	0	0	0	0	0	0	0	0	0	0	0	0	0	0	0	0	0	0	0	0	0	0	0	0	0	0	0	0	0	0	0	0	0
d1_58	0	0	0	0	0	0	0	0	0	0	0	0	0	0	0	0	0	0	0	0	0	0	0	0	0	0	0	0	0	0	0	0	0	0	0	0	0	0	0	0	0	0	0	0	0	0	0	0	0	0	0	0	0	0	0	0	0	0	0	0	0	0	0	0	0	0	0	0	0	0	0	0	0	0	0	0	0	0	0	0	0	0	0	0	0	0	0	0	0	0	0	0	0	0	0	0	0	0	0	0	0	0
d1_59	0	0	0	0	0	0	0	0	0	0	0	0	0	0	0	0	0	0	0	0	0	0	0	0	0	0	0	0	0	0	0	0	0	0	0	0	0	0	0	0	0	0	0	0	0	0	0	0	0	0	0	0	0	0	0	0	0	0	0	0	0	0	0	0	0	0	0	0	0	0	0	0	0	0	0	0	0	0	0	0	0	0	0	0	0	0	0	0	0	0	0	0	0	0	0	0	0	0	0	0	0	0
d1_60	0	0	0	0	0	0	0	0	0	0	0	0	0	0	0	0	0	0	0	0	0	0	0	0	0	0	0	0	0	0	0	0	0	0	0	0	0	0	0	0	0	0	0	0	0	0	0	0	0	0	0	0	0	0	0	0	0	0	0	0	0	0	0	0	0	0	0	0	0	0	0	0	0	0	0	0	0	0	0	0	0	0	0	0	0	0	0	0	0	0	0	0	0	0	0	0	0	0	0	0	0	0
d1_61	0	0	0	0	0	0	0	0	0	0	0	0	0	0	0	0	0	0	0	0	0	0	0	0	0	0	0	0	0	0	0	0	0	0	0	0	0	0	0	0	0	0	0	0	0	0	0	0	0	0	0	0	0	0	0	0	0	0	0	0	0	0	0	0	0	0	0	0	0	0	0	0	0	0	0	0	0	0	0	0	0	0	0	0	0	0	0	0	0	0	0	0	0	0	0	0	0	0	0	0	0	0
d1_62	0	0	0	0	0	0	0	0	0	0	0	0	0	0	0	0	0	0	0	0	0	0	0	0	0	0	0	0	0	0	0	0	0	0	0	0	0	0	0	0	0	0	0	0	0	0	0	0	0	0	0	0	0	0	0	0	0	0	0	0	0	0	0	0	0	0	0	0	0	0	0	0	0	0	0	0	0	0	0	0	0	0	0	0	0	0	0	0	0	0	0	0	0	0	0	0	0	0	0	0	0	0
