	d0_0	d0_1	d0_2	d0_3	d0_4	d0_5	d0_6	d0_7	d0_8	d0_9	d0_10	d0_11	d0_12	d0_13	d0_14	d0_15	d0_16	d0_17	d0_18	d0_19	d0_20	d0_21	d0_22	d0_23	d0_24	d0_25	d0_26	d0_27	d0_28	d0_29	d0_30	d0_31	d0_32	d0_33	d0_34	d0_35	d0_36	d0_37	d0_38	d0_39	d0_40	d0_41	d0_42	d0_43	d0_44	d0_45	d0_46	d0_47	d0_48	d0_49	d0_50	d0_51	d0_52	d0_53	d0_54	d0_55	d0_56	d0_57	d0_58	d0_59	d0_60	d0_61	d0_62	d0_63	d0_64	d0_65	d0_66	d0_67	d0_68	d0_69	d0_70	d0_71	d0_72	d0_73	d0_74	d0_75	d0_76	d0_77	d0_78	d0_79	d0_80	d0_81	d0_82	d0_83	d0_84	d0_85	d0_86	d0_87	d0_88	d0_89	d0_90	d0_91	d0_92	d0_93	d0_94	d0_95	d0_96	d0_97	d0_98	d0_99	d0_100	d0_101
d2_0	0	0.136654	0.034512	0.0112519	0.00925615	0.00723775	0.00465753	0.00656369	0.00297041	0.00253147	0.00769501	0.012936	0.0103685	0.00259143	0.00623704	0.0023908	0.00709933	0.00546826	0.00208898	0.000855123	0.00515185	0.00551317	0.00467763	0.00012396	8.0487e-05	0.000467693	0.000681776	0.000726956	0.000561963	0.000241134	7.92065e-05	0.000262721	3.80535e-05	5.00624e-05	2.25385e-05	1.42694e-05	1.6111e-05	0.000367653	2.27844e-05	0.0059635	2.6471e-05	0.00119743	1.29969e-05	0	0	2.54185e-05	0	0.000670102	0.000966293	0	0	6.52849e-06	2.60871e-08	6.05782e-07	0	0	0.00486417	0	0	2.19819e-05	0	0	0	0	0	0	0	0	0	0	0	0	0	2.04444e-06	0	0	0	0	0	0	0	0	0	0	0	0	0	0	0	0	0	0	0	0	0	0	0	0	0	0	0	0
d2_1	0.0607601	0.000389441	2.52237e-05	0.00488659	0.00485858	1.25116e-05	0.00100299	0.004555	1.2653e-05	1.339e-06	0	1.32719e-05	0.000994136	4.20242e-05	1.28513e-05	0	1.88961e-06	0.00450937	1.46247e-05	4.02857e-06	8.27901e-06	1.04381e-05	0.000355507	0	2.75211e-05	2.36561e-06	2.61876e-06	4.17445e-07	4.37018e-06	3.7141e-05	0	0	0	0.00099431	0	0	0	1.9453e-06	0	1.67139e-06	0	0	0	0	0	0	0	0	0	0	0	7.88696e-06	0	0.000212483	0	0	0	0	0	0	0	0	0	0	0	0	0	0	0	1.33799e-05	0	0	0	0	0	0	0	0	0	0	0	0	0	0	0	0	0	0	0	0	0	0	0	0	0	0	0	0	0	0	0	0
d2_2	0.0221792	4.30199e-06	7.09308e-06	2.88595e-06	1.98364e-05	6.48281e-06	6.01183e-05	2.23238e-05	0	5.18825e-06	3.02272e-05	3.03534e-05	3.16762e-05	0.00119883	0.00012676	1.18947e-05	4.02953e-06	6.56201e-06	3.9315e-05	0.0048632	1.31636e-06	0	0	2.70633e-05	1.47539e-06	1.83593e-07	0	1.40695e-05	1.96178e-06	0.000644195	0.000322098	1.46072e-06	0	0	0	0	0	4.26151e-07	4.45779e-05	0	0	0	0	0	0	0	0.00503354	0	0	0	0	0	0	0	0	0	0	0	0	0	0.000981075	0	0	0	0	0	0	0	0	0	0	0	0	0	0	0	0	0	0	0	0	0	0	0	0	0	0	0	0	0	0	0	0	0	0	0	0	0	0	0	0	0
d2_3	0.0132046	0.000252285	1.62789e-05	1.28361e-05	2.95257e-05	1.74185e-05	0.000124554	3.53856e-05	2.60531e-05	9.14406e-06	1.29846e-05	0.00392081	1.83016e-06	0	1.73913e-06	7.12599e-06	2.36257e-05	1.65545e-05	9.75813e-06	0.000128839	0	0	0.00119601	2.1038e-05	0.000542327	0.000689044	8.63991e-06	3.23437e-06	0	0.000547733	0.000651488	7.36971e-06	0.000430697	0	3.90961e-06	0	0	2.09766e-05	0	0	0	1.00311e-05	0.000439452	0	0	0.000660601	0	1.03033e-05	0	0	0	0	0	0	0	0	0	0	0	0	0	0	0	0	0	0	0	0	0	0	0	0	0	0	0	0	0	0	0	0	3.4515e-06	0	0	0	0	0	0	0	0	0	0	0	0	0	0	0	0	0	0	0	0	0
d2_4	0.0103033	0.000232292	1.16144e-05	5.027e-06	4.26777e-05	1.06139e-05	1.09749e-05	2.26698e-05	0.00100095	5.95624e-06	1.2412e-05	0.000202744	2.53864e-05	7.1782e-06	0	1.19508e-05	2.9291e-05	5.93551e-07	0	0.00454829	1.74639e-05	0	0	0.000337877	7.36203e-06	5.5654e-07	0	1.59285e-05	2.76168e-06	0	1.85619e-05	3.36462e-07	0	0	1.99649e-07	0	1.12986e-05	0	1.71457e-05	0.000652612	3.94063e-06	1.34402e-06	0	0	0	0	0	0	5.99828e-06	0	0	0	0	0.000651759	0	0	0	0	0.00032824	0	0	0	0	0	0	0	0	0	0	0	0	0	0	0	0	0	0	0	0	0	0	0	0	0	0	0	0	0	0	0	0	0	0	0	0	0	0	0	0	0	0	0
d2_5	0.00381655	2.39013e-05	7.33422e-05	0	0.00169758	3.75473e-05	1.79266e-06	0.000359872	9.55313e-06	0.000648107	0	0	9.7917e-07	3.14767e-05	8.35598e-07	0	1.72929e-05	0.00487067	0	0	0.000263388	1.17575e-06	2.42729e-05	0	0	1.32786e-06	0	1.96232e-06	0	9.57824e-07	0	0	0	0	0	0	0	0	9.16386e-06	0	0	0	0	0.000334453	0	0	0	0	0	0	0	0	0	0	0	0	2.69972e-06	0	0	0	0	0	0	0	0	0	0	0	0	0	0	0	0	0	0	0	0	0	0	0	0	0	0	0	0	0	0	0	0	0	0	0	0	0	0	0	0	0	0	0	0	0
d2_6	0.00815743	1.36657e-05	3.14014e-05	3.35614e-05	0.000378229	1.78953e-05	2.37219e-05	3.31204e-06	5.39946e-06	3.69584e-06	0	4.78416e-06	2.71241e-05	3.14653e-05	1.12988e-05	0.00102521	0	0	2.11932e-06	0	5.0181e-06	1.18921e-05	0	1.63754e-05	0.000546505	0.0050735	0.00451935	6.09427e-06	0	0	0	0	0	0	0	3.08276e-07	0	1.05651e-05	0.00388326	0	0	0	0.000997855	0	3.15831e-06	4.77618e-06	0	0	0.00451464	0	0	0	0	0	0	0	0	0	0	0	0.000344144	0	0.000654227	0	0	0	0	0	0	0	0	0	0	0.000644195	0.000966293	0	0	0	0	0	0	0	0	0	0	0	0	0	0	0	0	0	0	0	0	0	0	0	0	0	0	0
d2_7	0.00291402	0.000563097	2.97637e-06	3.96322e-05	2.57627e-06	1.01196e-05	7.36848e-06	5.98508e-06	3.67319e-05	1.27579e-05	9.73646e-06	3.85644e-05	2.56742e-05	9.71836e-06	4.57504e-06	0.000220149	0	0	9.00883e-06	5.73973e-08	9.89344e-07	0	0.00450937	2.51515e-07	6.37968e-07	0.00034095	0	0	0.000331525	0.000346184	0	9.39821e-06	2.47853e-05	0	0	3.06589e-06	0	3.30973e-06	0	0	0	1.47326e-05	0	1.51982e-06	0	0	0	0	0	0	0	0.000342822	0	0	0	0	0	0.000644195	0	0	0.00451173	0	0	0	0	0	0	0	0	0	0	0	0	0	0	0	0	0	0	0	0	0	0	0	0	0	0	0	0	0	0	0	0	0	0	0	0	0	0	0	0	0
d2_8	0.00176296	0.00010077	0.000554363	1.62169e-05	0.00456246	3.11523e-06	5.58138e-05	2.9782e-06	0.00456626	1.03735e-05	9.75149e-07	0	7.72601e-07	1.14448e-05	0.000529962	2.53416e-05	0	0.00574212	0	0	0	0.00484637	9.20014e-06	0	0	0	0	0.000647576	0.000159798	0	0	0.000132178	0	0	0.00131324	0	0.00451411	0	0	0	0	0	0	0.00035077	0	0	0	0	0	0.000193259	0	0	0	0	0	0	0	0	0	0.000345842	0	0	0	0	0	0	0	0	0	0	0	0	0	0	0	0	0	0	0	0	0	0	0	0	0	0	0	0	0	0	0	0	0	0	0	0	0	0	0	0	0	0
d2_9	0.000841413	1.61256e-05	4.66537e-06	0.000678912	1.13491e-05	0.000227491	8.04723e-06	1.99273e-05	4.73618e-06	1.60475e-05	1.51085e-06	1.44068e-05	6.58931e-07	5.93565e-06	6.25293e-06	6.59031e-06	7.84097e-07	8.21511e-06	0	0	0	1.26066e-05	1.4484e-05	1.21798e-06	0	0	0.000142731	0	0	0	0	0	0	0	1.2843e-06	0	3.83226e-05	0	0	1.32589e-05	4.56506e-06	0	0	0	0.000545161	0	0	0	0	0	0	0	0	0	0	0	9.83304e-06	0	0	0	0	0.000977541	0	0	0	0	0	0	0	0	0	0	0	0	7.51852e-06	0	0	0	0	0	0	0	0	0	0	0	0	0	0	0	0	0	0	0	0	0	0	0	0	0	0	0
d2_10	0.00613066	1.52994e-05	1.27401e-05	0.000359364	0	3.57538e-05	6.30499e-06	0.000322098	0	0	0.000340638	0	0	0	5.63277e-06	8.89596e-06	0	3.03393e-05	4.12344e-06	8.6803e-06	0	1.62216e-05	8.03981e-06	0	0	0	0	0.000360518	0.000211917	1.87727e-05	0	0	5.76795e-06	2.27385e-06	0	0.00388958	2.10423e-05	0	0	0	0	0	0	1.06077e-06	0	0	0	0	0	0	0	0	0	0	0	0	0	0	0	0	0	0	0	0	0	0	0	0	0	0	0	0	0	0	0	0	0	0	0	0	0	0	0	0	0	0	0	0	0	0	0	0	0	0	0	0	0	0	0	0	0	0
d2_11	0.00674524	3.09478e-07	0.00483519	3.60367e-06	1.89565e-05	1.30736e-06	1.18982e-05	6.66492e-06	2.57398e-06	1.50117e-05	1.74239e-07	1.22228e-05	0	7.48969e-06	3.64143e-06	0	5.3025e-06	0	1.7298e-06	3.18172e-06	3.26828e-07	0	0.000681833	0	0	0	0	0.00100379	0.000658578	0	0	0	0	0	0	0	0	0	0	0	2.00137e-06	0	0	0	0	0	0	0	0	0	0	0	0	0	0	0	0	0	0	0	2.17759e-05	0	0	0	0	0	0	0	0	0	0	0	0	0	0	0	0	0	0	0	0	0	0	0	0	0	0	0	0	0	0	0	0	0	0	0	0	0	0	0	0	0
d2_12	0.00124566	1.69772e-05	0.000680014	0.0014163	1.06543e-06	1.06838e-06	3.58925e-06	9.1435e-06	0.000654671	5.92066e-06	3.95213e-06	0	0	0	0.000991119	0.000901121	9.46778e-06	3.04895e-05	4.33027e-05	1.51084e-05	0	0	0.000239025	0.000966293	1.2979e-05	7.79014e-06	0	0.000353116	0	0	0	0	0	0.000983889	0	0	0	0	7.43249e-06	0	0	0	0	0	0	0	0	0	0	0	0	0	0	0	0	0	0	0	0	0	0	0	0	0	0	0	8.19279e-06	0	0	0	0	0	0	0	0	0	0	0	0	0	0	0	0	0	0	0	0	0	0	0	0	0	0	0	0	0	0	0	0	0	0	0
d2_13	0.000374608	0	3.69349e-06	2.70003e-05	0	6.29818e-06	0.000970879	7.52547e-06	2.89731e-06	0	0	4.95903e-06	0	1.51524e-05	4.03192e-06	8.52868e-07	0	0	0	1.38447e-05	0	0.00452664	0	0	7.68878e-07	2.70168e-05	2.49746e-05	0	0	0	1.90464e-05	0	0	0	0	4.99663e-06	0	0	0.000330653	1.43201e-05	9.32339e-06	0	0	0	0	0	0	0	0	0	0	0	0	0	0	0	0	0	0	6.24089e-06	0.00034083	0	0	0	0	0	0	0	0	0	0	0	0	0	0	0	0	0	0	0	0	0	0	0	0	0	0	0	0	0	0	0	0	0	0	0	0	0	0	0	0	0
d2_14	0.000383838	0.000252726	3.71659e-05	2.97056e-05	4.4047e-06	1.67898e-05	2.64567e-05	2.26234e-05	0.000565417	0.000322098	1.8964e-05	2.3045e-05	0	0	0	0	0.00488047	0	3.53748e-07	0	0.000999662	0	0.000206024	0.00389687	3.94052e-06	0	6.89835e-06	0	0	1.21054e-05	1.67977e-05	0	0.00116943	9.52735e-06	0	0	0	0	0.00450937	0	0	0.000330599	0.00483948	0	0	0	0	0	0.000651526	0.00450937	0	0	0.00450937	0	0	0	0	0	0	0	0	0	0	0	0	0	0	0	0	0	0	0	0	0	0	0	0	2.10995e-07	0	0	0	0	0	0	0	0	0	0	0	0	0	0	0	0	0	0	0	0	0	0	0	0
d2_15	0.000319942	5.53168e-06	2.66556e-05	1.44994e-05	0	3.48319e-06	1.52474e-05	2.81825e-05	0	0	0	0.0048688	0.000359828	1.58087e-05	6.89293e-06	0.000206381	0.000355975	3.4501e-07	6.46989e-06	1.92308e-06	0	0	0.000667553	0	0	0	0	0.000644195	0	0.000979656	0	7.74731e-06	0	0	0	0	0	0	0	0	0	0	0	0	0	0	0	1.78971e-06	0	0	0	0.00452062	0	0	0	0	0	0	0	0	0	0	0.00502616	0.000644195	0	0	0	0	0	0	0	0	0	0	0	0	0	0	0	0	0	0	0	0	0	0	0	0	0	0	0	0	0	0	0	0	0	0	0	0	0	0
d2_16	0.000943438	1.3051e-05	5.87683e-06	7.60912e-06	1.64624e-06	2.51087e-06	4.45626e-06	3.66244e-07	5.05682e-06	8.97561e-06	0	1.11418e-05	0	2.80846e-06	0	3.16285e-05	9.34761e-06	0	0	1.84696e-06	0	4.95192e-06	0	7.83259e-06	1.07036e-05	1.27826e-05	0	1.85953e-05	0	0.000650684	0	0	3.36883e-06	0	0	1.29754e-05	0	0	1.42039e-05	0	0	9.94888e-06	0	0	0	0	0	0	0	0	0	0	0	0	0	0	0	0	0	0	0	0	0	0	0	0	0	0	0	0	0	0	0	0	0	0	0	0	0	0	0	0	0	0	0	0	0	0	0	0	0	0	0	0	0	0	0	0	0	0	0	0
d2_17	0.000138786	2.94187e-05	1.3204e-06	5.6795e-06	5.24116e-06	1.04559e-05	0.000341721	0	3.53562e-06	0	0	2.4903e-05	0	0	0	0	0.00119216	0	0	2.2635e-05	3.41575e-06	3.03039e-06	0	0.000322671	2.66232e-05	0.000198759	0	0	0	7.27504e-06	4.45107e-06	0	1.21869e-05	0.000988783	0	0	5.18872e-06	2.22234e-06	0	0	0	5.09244e-06	0	0	0	0	0	0	1.74787e-06	0	0	0	0	0	0	0	1.19804e-05	0	0	0.000142755	0.000667612	0	0	0	0	0	0	0	0	0	0	0	0	0	0	0	0	0	0	0	0	0	0	0	0	0	0	0	0	0	0	0	0	0	0	0	0	0	0	0	0	0
d2_18	0.000224081	9.75015e-06	1.34622e-05	0	1.98415e-05	0.00119519	0	5.76377e-06	0	0.000356603	6.06962e-07	0	2.14334e-05	0	3.35902e-06	0	4.27922e-06	4.57944e-06	1.83064e-05	0.000219354	1.33399e-05	0.000647421	6.63712e-06	0	5.70293e-07	0.0045306	6.9092e-06	0	0.000194036	0	0	0	1.29236e-06	0	0	0	0	0	6.07467e-07	2.79779e-06	6.0105e-07	0	0	0	0	0	1.59822e-05	0	0.000210532	0	0	0	0	0	0	0	0	0	0	0	0	0	0	0	0	0	0	0	0	0	0	0	0	0	0	0	0	0.00450937	0	0	0	0	0	0	0	0	0	0	0	0	0	0	0	0	0	0	0	0	0	0	0	0
d2_19	0.000128566	0	0	0	0	0.00485912	0	0	7.23742e-06	0	0	0	0	1.33665e-05	4.65195e-06	0	0	5.08898e-06	0	0.00034634	0	0	0	0	0	0	0	0	0	0	0	0	0	1.324e-05	0	0	0	0	0	0	0	0	0.00450937	0	0	0	0.00485681	0	0	0	0	0	0.000222823	0	0.00451176	0	0	0	0	0	0	0	0	0.000654835	0	0.00065446	0	0	0	0	0	0	1.1131e-05	0	0	0	0	0	0	0	0	0	0	0	0	0	0	0	8.56295e-06	0	0	0	0	0	0	0	0	0	0	0	0	0
d2_20	0.000145449	2.08826e-05	1.29368e-06	1.88558e-05	1.38847e-05	0	1.56818e-06	0	0	2.25435e-05	2.43257e-05	1.69827e-06	0	0	8.0641e-06	0	3.60307e-06	0.000649806	0	0	0	0	0	0.000773118	0	0	0	2.10653e-07	0	0	0	0	0	0	0	0	0	0	0	0	1.07497e-05	0	0.00032413	0.00099488	0	0	0	0	0	0	0	0.000351215	0.000325528	0	0	0	0	1.24825e-05	0.000644195	0	0	0	0	0	0	0	0	0	0	0	2.13472e-05	0	0	0	0	0	0	0	0	0	0	0	0	0	0	0	0	0	0	0	0	0	0	0	0	0	0	0	0	0	0	0
d2_21	0.000169897	1.80132e-05	2.04582e-06	0.000561395	0	5.53669e-06	0	6.01375e-07	1.49323e-06	0	0	0	0	0	0	0	1.8537e-05	0	0	4.34796e-07	0.000966293	0	8.63999e-07	0	2.13191e-05	0	0.000350783	0	0	0	5.8798e-06	0	0	0	6.60333e-07	1.34812e-06	0	0.000222643	2.23188e-06	0	0.000322098	0.000650858	8.15485e-06	0	0	0.000974636	0	1.35343e-06	0	0	0	0.000644195	0	0	0	8.76476e-06	0	0	0.00450937	0	0	0.000984097	0	0	0	0	0	0	0	0	0	0	0	0	0	0	0	0	0	0	0	0	0	0	0	0	0	0	0	0	0	0	0	0	0	0	0	0	0	0	0	0
d2_22	8.80361e-05	0	4.3592e-06	1.17367e-06	0	0.00133274	1.00421e-05	0	0	0.000981141	0.00450937	0	0	2.46741e-05	0	0	0.00485926	0	1.77044e-05	0	0.00119462	0.000324027	0	0	0	2.8466e-09	0.000344741	0	0	1.40598e-05	0	0	0	0	0	0	0	0	0	0	1.71163e-06	0	0	0	0	0	0.000677332	0	0	0.00450937	0	0	0	0	0.000644195	0	0	0	0.00450937	0	0	0	0	5.20701e-07	0	0	0	0	0	0	0	0	9.26088e-06	0	0	0	2.23376e-05	0	0	0	0	0	0	0	0	0	0	0	0	0	0	0	0	0	0	0	0	0	0	0	0	0
d2_23	0.00525897	0	1.35054e-05	1.69598e-05	3.92921e-06	3.515e-07	0	0	6.42276e-06	7.37242e-06	0	0	0	0	0	0	0	0	0	0.00118579	0.000644195	0	1.93722e-06	0	0	1.9105e-05	0	0	1.96236e-06	0	0	0	0	0	0	0	0.000322098	0	0	0	0	0	0.000644195	0	0	0	0.000644195	0	0	0	0	0	0	0.00450937	0	0	0.000980743	0	0	0.000979333	0	0	0	0	0	0	0	0	0	0	0	0	0	0	0	0	1.35944e-06	0	0	0	0	0	0	0	0	0	0	0	0	0	0	0	0	0	0	0	0	0	0	0	0	0
d2_24	7.35844e-05	0	1.77447e-06	1.16153e-05	0.00118185	0	0.000557021	0	3.02626e-06	0	0	0	0	0	0.000657908	0	0	0	0	0	0	0	0	2.86487e-05	0	0	0	0	0	3.45815e-06	5.11194e-06	0.00483146	0	9.93683e-06	0	0	0	0	0	0	0	0	0	0	0	0	0	0	0	0	0	0	0	0	0.000657746	0	0	0	0	0	0	0	0	0	0	0	0	0	0	0	0	0	0	0	0	0	0	0	0	0	0	0	0	0	0	0	0	0	0	0	0	0	0	0	0	0	0	0	0	0	0	0
d2_25	0.000232284	0	2.00254e-05	2.27367e-05	0	6.2366e-06	3.05844e-06	0	0	9.40039e-06	0	0	2.60511e-05	0	0	0	0	0	0	0.00485139	0	0.000978629	0.000218952	0	0	0	0	0	0	0	0	0	0	0	0	0	0	0	0	6.34662e-06	1.83402e-05	0	0	0	0	1.83149e-05	0	0	0	0.00388165	0	0	0	0.00032982	0	0	0	0	0	0	6.01346e-06	1.13012e-05	0	0	0	0	0.000654025	0	0	0	0	0.000322249	0	0	0	0	0	0	0	0	0	0	0	0	0	0	0	0	0	0	0	0	0	0	0	0	0	0	0	0	0	0
d2_26	0.00514204	2.13214e-05	1.45639e-05	1.10646e-05	2.12332e-06	5.55433e-06	0	0	2.47226e-05	0.00453921	0	0	0	8.60142e-06	9.20672e-06	0	0	9.61555e-06	0	0	0.000338916	0	1.26286e-05	0	0.000998521	0	1.10666e-05	0	0	0	0	2.18399e-06	0	0	0	0	0	0	0	0	0.00117582	0	0	0	0	0	0	0	0	8.7388e-08	0	0	0	0	0	0.00450937	0	0	0.000997125	0	0	0	0.000658538	0	0	0	0	1.28981e-06	0	0	0	0	0	0	0	0	0	0	0	0	0	0	0	0	0	0	0	0	0	0	0	0	0	0	0	0	0	0	0	0	0	0
d2_27	0.000287825	0	6.40214e-06	2.64665e-05	3.51958e-06	0	4.62667e-06	0	0	0.00100003	0	0	0	0	3.50794e-06	5.03447e-06	1.11467e-06	0	0	0	0.00065529	0	0	0	1.54369e-06	0	0	0	0	0	0	0	0	0	0	0	0.000200498	0	0	0	1.06788e-05	0	6.85039e-06	0	0	0	0	0	0	0	0.00386733	0	0	0	0	0	6.7414e-07	0	0	0	8.05677e-06	0	0	0	0	0	0	0	0	0	0	0	0	0	0	0	0	0	0	0	0	0	0	0	0	0	0	0	0	0	0	0	0	0	0	0	0	0	0	0	0	0
d2_28	0.00109105	0.000325758	1.88339e-05	7.31038e-06	8.75846e-06	0	0	0	0	0.000222665	1.83431e-05	0	0.00510732	0	0	9.39725e-06	5.05094e-06	0	0	7.09611e-06	0	0	0.000345555	0	0	0	0	0	0	0	0	0	0.000644195	0	0.00484466	0	0	0	0.000322098	0	0	0	0	0	0	0	0	0	0	0	0	0	0	0	0	0	1.74991e-07	0	0	0.000650551	0	0	0	0	0	0	0.000644195	0	0	0	0	0.000974202	0	0	0	0	0	0	0	0	0	0	0	0	0	0	0	0	0	0	0	0	0	0	0	0	0	0	0	0	0	0
d2_29	6.97938e-05	4.41508e-06	0.0010078	3.49732e-06	0.000980616	1.50438e-05	4.47182e-06	1.15033e-06	0	0.000655288	0	0	0	2.38929e-06	0	5.14618e-06	1.2405e-05	5.12402e-06	0	0	5.88014e-06	0	0	0	0	0	0	1.57347e-06	0	0	0	7.78482e-06	6.22813e-06	0.000352979	0	0	0	0	1.58275e-05	0	0	0	0.0038768	0	0	0	0	0	2.49584e-05	0	0	0	0	0	0	7.59199e-06	0	1.63677e-06	0	0	0	0	0	0	0	0	0	0	0	0	0	0	0	0	0	0	0	0	0	0	0	0	0	0	0	0	0	0	0	0	0	0	0	0	0	0	0	0	0	0	0	0
d2_30	6.43459e-05	0.00111105	6.60311e-07	3.27297e-05	2.90113e-06	0	0	0	1.00363e-05	8.66024e-06	0	1.56537e-05	0	6.4918e-06	0.000140035	0	0	0	0	0.000338212	0	0	0	0	0	3.15201e-06	0	4.05333e-07	0	5.46726e-06	0	0	0	0	0.00483752	0.000644195	0	0	0	0	0.000977241	0.00034816	0.000644195	0	0	0.00483308	0	0	0	0	0	0	0	0	0	0	0	0	0	0	0	0	0.000656788	0	0	0	0	0	0	0	0	0	0	0	0	0	0	0	0	0	0	0	0	0	0	0	0	0	0	0	0	0	0	0	0	0	0	0	0	0	0	0
d2_31	3.5011e-05	0	5.77482e-06	1.67732e-06	0	0	0	0	0	0	0	0	4.8557e-06	0	0	5.76556e-06	0	0	1.11163e-05	0	1.90968e-06	1.05634e-05	0	0	0	5.20249e-06	0	0.00550731	1.42321e-06	2.52037e-05	0	0	0	0	4.95462e-08	4.0456e-07	0	0	0	0	0	0	0	0	0	0	0	1.84801e-06	1.6617e-06	0	0	5.67362e-06	0	0	0	0	0	0	0.00116701	0	0	0	0	2.75202e-07	0	0	0	0	0	0	0	0	0	0	0	0	0	0	0	0	0	0	0	0	0	0	0	0	0	0	0	0	0	0	0	0	0	0	0	0	0	0
d2_32	0.00101797	0	0	0	3.29933e-06	3.2463e-06	1.00609e-05	0	1.8644e-06	0	0	0	0	0	0.000535977	0	0.00118061	0	0	0	0.00451745	0.000644195	0	0	0	0	2.57046e-06	0	0.000334013	0.00129851	0	0	0.000979386	0	0	2.71886e-06	0	0	0	0	0	0	0	0	0.00450937	1.25319e-05	0	2.34942e-05	0	0	0	0.000322098	7.96886e-06	0.000196858	0	0	0	0	0	0.00483146	0	0	0	0	0	0	0.000644195	0	0	0.000652516	0	0	0	0	0	0	0	0	0	0	0	0	0	0	0	0	0	0	0	0	0	0	0	0	0	0	0	0	0	0	0	0
d2_33	0.00488172	0	0	1.48169e-06	0	0.00387909	0	0	0	4.16504e-06	0	7.71653e-08	0	2.16263e-06	0.00034532	0	0	0	0	2.9339e-06	0	0	0	0	0	0	0	0.000968383	0	0	0	0	0.000193259	0	0	0	0	0	0	0	0	0	0	0	0	0	0	0	0	0	0	0	0	0	0.000967174	0	0	0	0	1.25767e-05	0	0	0	0	0	0	0	0	0	0	0	0	0	0	0	0	0	0	0	0	0	0	0	0	0	0	0	0	0	0	0	0	0	0	0	0	0	0	0	0	0	0
d2_34	1.20028e-05	0	0.00485499	0	0	0	0	0	0	0.000973774	0	0	0.00453998	3.65484e-06	0.000644195	0	0	0.000674754	0	0	0.000522032	1.38919e-05	0.000347312	0	0	1.58598e-05	3.50264e-06	0	0.000970445	0	0	0.000663328	0	6.62915e-06	0.0006594	4.25004e-06	9.71237e-06	0.00034229	0.00484756	0	0	0	0	0	0	0	0.000322098	0	0.000201667	0	0	4.55027e-06	0	0	0.00452574	0	0	0	0	0	0	0	0.000143436	0	0	0	0	0	0	0	0	0	0	0	0	0	0	0	0	0	0	0	0	0	0	0	0	0	0	0	0	0	0	0	0	0	0	0	0	0	0	0
d2_35	3.03907e-05	0	0	1.20281e-05	0	0	0	0	3.03203e-06	2.2081e-05	1.06624e-05	0.000673885	0	0	0	0	0	0.000644195	0	0	2.42666e-06	0.00453402	0	0	0	2.39396e-06	0	0	0	3.57083e-07	0	0	0	0	0	0	0	0	0	0	0	0	0	0	0	0	0	0	0	0	0	0	0	0	0	0	0	0	0	0	0	0	0	0	0	0	0	0	0	0	0	0	0	0	0	0	0	0	0	0	0	0	0	0	0	0	0	0	0	0	0	0	0	0	0	0	0	0	0	0	0	0
d2_36	4.51122e-05	0	0.000545376	0	0	1.83923e-06	5.21864e-06	0	0	0	0	0	0	0	0	0	1.40186e-05	0	0	1.28031e-06	0	0.00131701	0	0	0	2.62226e-06	0.000328156	0	0.000332344	0	2.45875e-06	0.000339601	0	0	0	0	0	0	0	0	2.77282e-06	0	0	0	0	0	0	0	0	0	0	0	0	0	0	0	0	0	0	0	1.21553e-05	0	0	0	0	0	0	0	0	0	0	0	0	0	0	0	0	0	0	0	0	0	0	0	0	0	0	0	0	0	0	0	0	0	0	0	0	0	0	0	0	0
d2_37	2.58259e-05	0	0	0	0	0	0	0	0	0	0	0	1.07091e-05	0	0	0	0	0.00065181	0	0	0	0	0	0	0.000342211	0	6.4834e-06	0	0	0	0	0	0	0	0	0	0	0	0	0	8.77851e-06	0	0	0.000341846	0	0	0	0	0	0	0	0	0	0	0.00450937	0	0	0.000645037	0	0	0	0	0	0	0	0	0	0	0	0	0	0	0	0	0	0	0	0	0	0	0	0	0	0	0	0	0	0	0	0	0	0	0	0	0	0	0	0	0	0	0	0
d2_38	1.50661e-05	0	0	0	0	0	0	0	0	0	3.94009e-07	0	2.307e-05	0	0	0	0	0	0	0	0	4.74207e-06	0	0	0	1.81946e-06	0	0	0	0	1.03898e-06	0.000976749	9.88387e-06	0	0	0	0	0	0	0	0	0	0	7.57227e-06	0	0	0	0	0	0	0	0	0	0	0	0	3.55442e-06	0	0	0	0	0	0	0	0	0	0	0	0	0	0	0	0	0	0	0	0	0	0	0	0	0	0	0	0	0	0	0	0	0	0	0	0	0	0	0	0	0	0	0	0	0
d2_39	1.3714e-05	0	1.99837e-06	0	0	0	0	0	0.000993186	0	0	1.13721e-06	0	0	0	0.000649111	0	0	0	0	0	0	0.000337559	0	1.50641e-05	0	0.000972242	0	0.00118775	0	0	0	0	0	0	0	0	0	0	1.13506e-05	0.00115955	0.0012999	0	0	0	0	0.00503482	0	0	0	0	0	0	0	0	0	0	0	0	0	0	0	0	0	0	0	0	0	0	0	0	0	0	0	0	0	0	0	0	0	0	0	0	0	0	0	0	0	0	0	0	0	0	0	0	0	0	0	0	0	0	0
d2_40	0	0	0	0	0	0	0	0	0	0	0	0.000644195	0	0	0	0	0	0	0	0	0.000333416	0.00483146	0.00450937	0	0	0	0	0	0	1.70065e-06	0	0	0	0.000644195	0.00484105	0	0	0	0	0	0	0	0	0	0	0.000323984	0	0	0	0	2.40256e-06	0	0.0048514	0	0	0	0	0	0	0	0	0	0	0	0	0	0	0	0	0	0	0	0	0	0	0	0	0	0	0	0	0	0	0	0	0	0	0	0	0	0	0	0	0	0	0	0	0	0	0	0	0
d2_41	0	0	0	6.1879e-06	0	0	0	0	0	0	0	0	0	0	0	0	0	0	7.26084e-06	0	0	0	0	0	0	0	1.34973e-06	0	0	4.11007e-06	0	0	0	0	0	0	0.000225932	0	0	1.77294e-06	1.64054e-05	0	0	0	0	0	0	0	0	0	0	0	0	0	0	0.000991982	1.73226e-05	0	0	0	0	0	0	0	0	0	0.000327087	0	0	0	0	0	0	0	0	0	0	0	0	0	0	0	0	0	0	0	0	0	0	0	0	0	0	0	0	0	0	0	0	0	0	0
d2_42	5.81878e-07	0	0	0	0	0	0	0	0	0	0	0	0.000532942	0	0	0	0	0	0	0	0	0	0	0	0	0	0	0	0	0	0	0	5.26956e-07	0	0	0	0	0	0.000664714	0	0	0	0	0	0	0	0	0	0	0	0	0	0	0	0	0	0	0	0	0	0	0	0	0	0	0	0	0	0	0	0	0	0	0	0	0	0	0	0	0	0	0	0	0	0	0	0	0	0	0	0	0	0	0	0	0	0	0	0	0	0	0
d2_43	5.31886e-06	0	0	0	0	0	0	0	3.90875e-06	0	0	0	0	0	0	0	0	0	0	0	0	0	0	0	1.5815e-06	1.54109e-06	0	1.0855e-05	0	0	0	2.48235e-07	0	0	0	0	0	0	0	0	0	0	0	0	0	0	0	0	0	0	0	0	0	0	0	0	0	0	0	0	0	0	0.000322098	0	0	0	0	0	0	0	0	0	0	0	0	0	0	0	0	0	0	0	0	0	0	0	0	0	0	0	0	0	0	0	0	0	0	0	0	0	0	0
d2_44	0.000228785	0.000326563	1.23969e-05	1.60703e-05	0	0	0	0	4.39518e-06	0	0	2.46275e-06	0	6.02341e-07	0	0.00486018	0	1.42747e-05	0	2.30009e-06	0	0	0	0	0	0	0	0	0.000644195	0	0	0	0	0	0	0	0	0	0	0	0	0.000322098	0	0	0	0	0	2.23007e-05	0	0	0	0	0	0	0	0	0	0	0	0.000193259	0	0	0	0	0	0	0	0	0	0	0	0	0	0	0	0	0	0	0	0	0	0	0	0	0	0	0	0	0	0	0	0	0	0	0	0	0	0	0	0	0	0
d2_45	1.36474e-06	0	0	3.76579e-06	0	0	0	0	0	0	0	0	2.83068e-06	0	0	0	0	0	0	0	0	0	0	0.000193259	6.84953e-06	0	0.00118875	0	0	0	0	0	0	0	0.000533068	0	0	0	0.00161151	0	0	0	0	1.13571e-07	0	0	0	0	0	0	0	0	0	0	0	0	0	0	0	0	0	0	0	0	0	0	0	0	0	0	0	0	0	0	0	0	0	0	0	0	0	0	0	0	0	0	0	0	0	0	0	0	0	0	0	0	0	0	0	0	0	0
d2_46	9.99863e-07	8.09377e-07	8.26631e-06	0	0	0	0	0	0	0	0	1.2078e-05	0	0	0.000650156	0	0	0.00116721	0	0	0	0.00451627	0	0	0	0	0	0	0	0	0	0	0	0	0	0	0	0	0	1.70839e-05	0	0.000206602	0	0	0	0	0	0	0	0	0	2.23744e-06	0	0	0	0	0	1.66787e-06	0	0	0	0	0	0	0	0	0	0	0	0	0	0	0	0	0	0	0	0	0	0	0	0	0	0	0	0	0	0	0	0	0	0	0	0	0	0	0	0	0	0	0	0
d2_47	9.87813e-06	0	1.60567e-06	0	0	0	0	0	0	1.47365e-05	0	5.36739e-06	0	0	0	8.98826e-06	1.0882e-05	0	0	0	0	0	3.81548e-06	0.000664622	0	0	0	0	0	1.20818e-05	0	0	8.47833e-06	0	0	0	0	0	0	0	0	0	0	0	0	0	0	0	0	0	0	0	0	0	0	0	0	0	0	0	0	0	0	0	0	0	0	0	0	0	0	0	0	0	0	0	0	0	0	0	0	0	0	0	0	0	0	0	0	0	0	0	0	0	0	0	0	0	0	0	0	0
d2_48	9.07733e-07	0	3.07017e-05	0	0	0	0	0	0	6.57438e-06	0	0	0	0	0	0	0	0	0	0	0	0	0	0	3.17627e-05	0	0	0.000530239	0	0	0	0.000340092	0	0	0	0	0	0	0	0	0	0	0	0	0	0	0	0	2.75534e-06	0	0	0	0	0	0	0	0	0	0	0	0	0	0	0	0	0	0	0	0	0	0	0	0	0	0	0	0	0	0	0	0	0	0	0	0	0	0	0	0	0	0	0	0	0	0	0	0	0	0	0	0	0
d2_49	0.000753774	6.39299e-06	0	0	0	1.20751e-05	0	0	0	0	0	0	0	0	0	0	0	0	0	0	0	0	0	0	0	0	0	0	0	0	0	0	0.00602498	0	0.000644195	0	0	0	0	0.000322098	0	0	0	0	0	0	0	0	0	0	0	0	0	0	0	0	0	0	0	0	0	0	0	0	0	0	0	0	0	0	0	0	0	0	0	0	0	0	0	0	0	0	0	0	0	0	0	0	0	0	0	0	0	0	0	0	0	0	0	0	0	0
d2_50	0	0	0	0	0	0	0	0	0	0	0	0.000515356	0	0	0	0	0	0	0	0	0	0	0	1.6383e-06	0	0	0	1.14697e-06	0	0	0	0	0	0	0	0	0	0	0.000967509	0	0	0	0	0	0	0	0	0	0	0	0	0	0	0	0	0	0	0	0	0	0	0	0	0	0	0	0	0	0	0	0	0	0	0	0	0	0	0	0	0	0	0	0	0	0	0	0	0	0	0	0	0	0	0	0	0	0	0	0	0	0	0
d2_51	6.86238e-06	0	0	0	0	0	0	0	0	0	0	0	0	0	0	0	0	0	0.000970562	0	0.00485161	0	0	0	0	0	0	0	0	0	0	0	0	0	0	0	0	0	0	0	0	0	0.000656747	0	0	0	0	0	0	0	0	0	0	0	0	0	0	0	0	0	0	0	0	0	0	0	0	0	0	0	0	0	0	0	0	0	0	0	0	0	0	0	0	0	0	0	0	0	0	0	0	0	0	0	0	0	0	0	0	0	0	0
d2_52	0	0	0	0	2.06071e-05	2.07807e-06	0	0	0	0	0	0	0	0	9.4783e-06	0	0	0	0	0	0	0	0.00216717	0	0	0	0	0	0.000652173	1.93833e-05	0	0	0	0	0.000644195	0	0	0	0	0	0	0	0	0	0	0	0	0	0	0	0	0	0	0	0	0	0	0	0	0	0	0	0	0	0	0	0	0	0	0	0	0	0	0	0	0	0	0	0	0	0	0	0	0	0	0	0	0	0	0	0	0	0	0	0	0	0	0	0	0	0	0
d2_53	0	0	0	0	0	0	0	0	0	0	0	0	0	0	0	0	0	0	0	0	0	0	0.000994356	0	0	0	0	0	0	9.56181e-07	0	0	0	0	0	0	0.000981828	0	0	0	0	0	0	0	0	0	0	0	0	0	0	0	0	0	0	0	0	0	0	0	0	0	0	0	0	0	0	0	0	0	0	0	0	0	0	0	0	0	0	0	0	0	0	0	0	0	0	0	0	0	0	0	0	0	0	0	0	0	0	0	0	0
d2_54	0	0	0	0	0	0	0	0	0	0	0	0	0	0	0	0	5.29658e-06	0	0	5.2062e-07	0	0	0	0	2.19252e-06	0	0	0.000993319	0	0	1.14946e-05	0	0	0	0	0	0	0	0	0	0	0	0	0	0	0	0	0	0	0	0	0	0	0	0	0	0	0	0	0	0	0	0	0	0	0	0	0	0	0	0	0	0	0	0	0	0	0	0	0	0	0	0	0	0	0	0	0	0	0	0	0	0	0	0	0	0	0	0	0	0	0
d2_55	0	0	0	0	0	0	0	1.00287e-05	0	0	0	0	0	0	0	0	0	0	0	0	0	0.000966293	0	0	0	0	0	0	0	0	0	0	0	0	0	0	0	0	0	0	0	0	0	0	0	0	0	0	0	0	0	0	0	0	0	0	0	0	0	0	0	0	0	0	0	0	0	0	0	0	0	0	0	0	0	0	0	0	0	0	0	0	0	0	0	0	0	0	0	0	0	0	0	0	0	0	0	0	0	0	0	0
d2_56	0	0	0	0	0	0	0	0	0	0	0	0	0	0	0	0.000644195	0	0	0	0	0	0	0	0	0	0	0	0	0	0	0	0	0	0	0	0	0	0	0	0	0	0	0	0	0	0	0	0	0	0	0	0	0	0	0	0	0	0	0	0	0	0	0	0	0	0	0	0	0	0	0	0	0	0	0	0	0	0	0	0	0	0	0	0	0	0	0	0	0	0	0	0	0	0	0	0	0	0	0	0	0	0
d2_57	0	0	0	0	0	0.00450937	0	0	0	0	0	0	0	0.00118058	0	0	0	0	0	0	0	0	0	0	0	0	0	0	0	0	0.00450937	0	0	0	0	0	0	0	0	0	0	0	0	0	0	0	0	0	0	0	0	0	0	0	0	0	0	0	0	0	0	0	0	0	0	0	0	0	0	0	0	0	0	0	0	0	0	0	0	0	0	0	0	0	0	0	0	0	0	0	0	0	0	0	0	0	0	0	0	0	0	0
d2_58	1.14298e-05	0	0	0	0	0	0	0	0	8.76998e-08	0	0	0	0	0	0	0	0	0	2.07344e-06	0	0	0	0	0	0	0	0	0	0	0	0	0	0	0	0	0	0	0	0	0	0	0	0	0	0	0	0	0	0	0	0	0	0	0	0	0	0	0	0	0	0	0	0	0	0	0	0	0	0	0	0	0	0	0	0	0	0	0	0	0	0	0	0	0	0	0	0	0	0	0	0	0	0	0	0	0	0	0	0	0	0
d2_59	0	0	0	0	0	0	0	0	0	0	0	0	0	0	0	0	1.8741e-06	0.000220769	0	0	0	0	0	0	0	3.10089e-06	0	0	0.000206308	0	0	0	5.04285e-06	0	0	0	0	0	0	0	0	0	0	0	0	0	0	0	0	0	0	0	0	0	0	0	0	0	0	0	0	0	0	0	0	0	0	0	0	0	0	0	0	0	0	0	0	0	0	0	0	0	0	0	0	0	0	0	0	0	0	0	0	0	0	0	0	0	0	0	0	0
d2_60	0	0	0	0	0	0	0	0	0	0	0	0	0	0	0	0	0	0	0	0	0	0	0	0	0	0	0	0	0	0	0	0	0	0	0	0	0	0	0	0	0	0	0	0	0	0	0	0	0	0	0	0	0	0	0	0	0	0	0	0	0	0	0	0	0	0	0	0	0	0	0	0	0	0	0	0	0	0	0	0	0	0	0	0	0	0	0	0	0	0	0	0	0	0	0	0	0	0	0	0	0	0
d2_61	0	0	0	0.000980719	0	0	0	0	0	0	0	0	0	0	0	0	0	0	0	0	0	0	0	0	0	0	0	0	0	0	0	0	0	0	0	0	0	0	0	0	0	0	0	0	0	0	0	0	0	0	0	0	0	0	0	0	0	0	0	0	0	0	0	0	0	0	0	0	0	0	0	0	0	0	0	0	0	0	0	0	0	0	0	0	0	0	0	0	0	0	0	0	0	0	0	0	0	0	0	0	0	0
d2_62	0	0	0	0	0	0	0	0	0	0	0	0	0	0	0	0	2.05006e-06	0	0	0	0	0	0	0	0	0	0	0	0	0	0	0	0	0	0	0	0	0	0	0	0	0	0	0	0	0	0	0	0	0	0	0	0	0	0	0	0	0	0	0	0	0	0	0	0	0	0	0	0	0	0	0	0	0	0	0	0	0	0	0	0	0	0	0	0	0	0	0	0	0	0	0	0	0	0	0	0	0	0	0	0	0
d2_63	0.000765042	0	0	0	0	0	0	0	0	0	0	0	0	9.22106e-06	0	0	0	0	0	0	0	0	0	0	0	0	0	0	0	0	0	0	0	0	0	0	0	0	0	0	0	0	0	0	0	0	0	0	0	0	0	0	0	0	0	0	0	0	0	0	0	0	0	0	0	0	0	0	0	0	0	0	0	0	0	0	0	0	0	0	0	0	0	0	0	0	0	0	0	0	0	0	0	0	0	0	0	0	0	0	0	0
d2_64	0	0	0	0	0	0	0	0	0	0	0	0	0	0	0	0	0	0	0	0	0	0	0	0	0	0	0	0	0	0	0	0	0	0	0	0	0	0	0	0	0	0	0	0	0	0	0	0	0	0	0	0	0	0	0	0	0	0	0	0	0	0	0	0	0	0	0	0	0	0	0	0	0	0	0	0	0	0	0	0	0	0	0	0	0	0	0	0	0	0	0	0	0	0	0	0	0	0	0	0	0	0
d2_65	0	0	0	0	0	0	0	0	0	0	0	0	0	0	0	0	0	0	0	0	0	0	0	0	0	0	0	0	0	0	0	0	0	0	0	0	0	0	0	0	0	0	0	0	0	0	0	0	0	0	0	0	0	0	0	0	0	0	0	0	0	0	0	0	0	0	0	0	0	0	0	0	0	0	0	0	0	0	0	0	0	0	0	0	0	0	0	0	0	0	0	0	0	0	0	0	0	0	0	0	0	0
d2_66	0	0	0.000644195	0	0	0	0	0	0	0	0	0	0	0	0	0	0	0	0	0	0	0	0	0	0	0	0	0	0	0	0	0	0	0	0	0	0	0	0	0	0	0	0	0	0	0	0	0	0	0	0	0	0	0	0	0	0	0	0	0	0	0	0	0	0	0	0	0	0	0	0	0	0	0	0	0	0	0	0	0	0	0	0	0	0	0	0	0	0	0	0	0	0	0	0	0	0	0	0	0	0	0
d2_67	0	0	0	0	0	0	0	0	0	0	0	0	0	0	0	0	0	0	0	0	0	0	0	0	0	0	0	0	0	0	0	0	0	0	0	0	0	0	0	0	0	0	0	0	0	0	0	0	0	0	0	0	0	0	0	0	0	0	0	0	0	0	0	0	0	0	0	0	0	0	0	0	0	0	0	0	0	0	0	0	0	0	0	0	0	0	0	0	0	0	0	0	0	0	0	0	0	0	0	0	0	0
d2_68	0	0	0	0	0	0	0	0	0	0	0	0	0	0	0	0	0	0	0	0	0	0	0	0	0	0	0	0	0	0	0	0	0	0	0	0	0	0	0	0	0	0	0	0	0	0	0	0	0	0	0	0	0	0	0	0	0	0	0	0	0	0	0	0	0	0	0	0	0	0	0	0	0	0	0	0	0	0	0	0	0	0	0	0	0	0	0	0	0	0	0	0	0	0	0	0	0	0	0	0	0	0
d2_69	0	0	0	0	0	0	0	0	0	1.48973e-05	0	0	0	0	0	0	0	0	0	0	0	0	0	0	0	0	0	0	0	0	0	0	0	0	0	0	0	0	0	0	0	0	0	0	0	0	0	0	0	0	0	0	0	0	0	0	0	0	0	0	0	0	0	0	0	0	0	0	0	0	0	0	0	0	0	0	0	0	0	0	0	0	0	0	0	0	0	0	0	0	0	0	0	0	0	0	0	0	0	0	0	0
d2_70	0	0	0	0	0	0	0	0	0	0	0	0	0	0	0	0	0	0	0	0	0	0	0	0	0	0	0	0	0	0	0	0	0	0	0	0	0	0	0	0	0	0	0	0	0	0	0	0	0	0	0	0	0	0	0	0	0	0	0	0	0	0	0	0	0	0	0	0	0	0	0	0	0	0	0	0	0	0	0	0	0	0	0	0	0	0	0	0	0	0	0	0	0	0	0	0	0	0	0	0	0	0
d2_71	0	0	0	0	0	0	0	0	0	0	0	0	0	0	0	0	0	0	0	0	0	0	0	0	0	0	0	0	0	0	0	0	0	0	0	0	0	0	0	0	0	0	0	0	0	0	0	0	0	0	0	0	0	0	0	0	0	0	0	0	0	0	0	0	0	0	0	0	0	0	0	0	0	0	0	0	0	0	0	0	0	0	0	0	0	0	0	0	0	0	0	0	0	0	0	0	0	0	0	0	0	0
d2_72	0	0	0	0	0	0	0	0	0	0	0	0	0	0	0	0	0	0	0	0	0	0	0	0	0	0	0	0	0	0	0	0	0	0	0	0	0	0	0	0	0	0	0	0	0	0	0	0	0	0	0	0	0	0	0	0	0	0	0	0	0	0	0	0	0	0	0	0	0	0	0	0	0	0	0	0	0	0	0	0	0	0	0	0	0	0	0	0	0	0	0	0	0	0	0	0	0	0	0	0	0	0
d2_73	0	0	0	0	0	0	0	0	0	0	0	0	0	0	0	0	0	0	0	0	0	0	0	0	0	0	0	0	0	0	0	0	0	0	0	0	0	0	0	0	0	0	0	0	0	0	0	0	0	0	0	0	0	0	0	0	0	0	0	0	0	0	0	0	0	0	0	0	0	0	0	0	0	0	0	0	0	0	0	0	0	0	0	0	0	0	0	0	0	0	0	0	0	0	0	0	0	0	0	0	0	0
d2_74	0	0	0	0	0	0	0	0	0	0	0	0	0	0	0	0	0	0	0	0	0	0	0	0	0	0	0	0	0	0	0	0	0	0	0	0	0	0	0	0	0	0	0	0	0	0	0	0	0	0	0	0	0	0	0	0	0	0	0	0	0	0	0	0	0	0	0	0	0	0	0	0	0	0	0	0	0	0	0	0	0	0	0	0	0	0	0	0	0	0	0	0	0	0	0	0	0	0	0	0	0	0
d2_75	0	0	0	0	0	0	0	0	0	0	0	0	0	0	0	0	0	0	0	0	0	0	0	0	0	0	0	0	0	0	0	0	0	0	0	0	0	0	0	0	0	0	0	0	0	0	0	0	0	0	0	0	0	0	0	0	0	0	0	0	0	0	0	0	0	0	0	0	0	0	0	0	0	0	0	0	0	0	0	0	0	0	0	0	0	0	0	0	0	0	0	0	0	0	0	0	0	0	0	0	0	0
d2_76	0	0	0	0	0	0	0	0	0	0	0	0	0	0	0	0	0	0	0	0	0	0	0	0	0	0	0	0	0	0	0	0	0	0	0	0	0	0	0	0	0	0	0	0	0	0	0	0	0	0	0	0	0	0	0	0	0	0	0	0	0	0	0	0	0	0	0	0	0	0	0	0	0	0	0	0	0	0	0	0	0	0	0	0	0	0	0	0	0	0	0	0	0	0	0	0	0	0	0	0	0	0
d2_77	0	0	0	0	0	0	0	0	0	0	0	0	0	0	0	0	0	0	0	0	0	0	0	0	0	0	0	0	0	0	0	0	0	0	0	0	0	0	0	0	0	0	0	0	0	0	0	0	0	0	0	0	0	0	0	0	0	0	0	0	0	0	0	0	0	0	0	0	0	0	0	0	0	0	0	0	0	0	0	0	0	0	0	0	0	0	0	0	0	0	0	0	0	0	0	0	0	0	0	0	0	0
d2_78	0	0	0	0	0	0	0	0	0	0	0	0	0	0	0	0	0	0	0	0	0	0	0	0	0	0	0	0	0	0	0	0	0	0	0	0	0	0	0	0	0	0	0	0	0	0	0	0	0	0	0	0	0	0	0	0	0	0	0	0	0	0	0	0	0	0	0	0	0	0	0	0	0	0	0	0	0	0	0	0	0	0	0	0	0	0	0	0	0	0	0	0	0	0	0	0	0	0	0	0	0	0
d2_79	0	0	0	0	0	0	0	0	0	0	0	0	0	0	0	0	0	0	0	0	0	0	0	0	0	0	0	0	0	0	0	0	0	0	0	0	0	0	0	0	0	0	0	0	0	0	0	0	0	0	0	0	0	0	0	0	0	0	0	0	0	0	0	0	0	0	0	0	0	0	0	0	0	0	0	0	0	0	0	0	0	0	0	0	0	0	0	0	0	0	0	0	0	0	0	0	0	0	0	0	0	0
d2_80	0	0	0	0	0	0	0	0	0	0	0	0	0	0	0	0	0	0	0	0	0	0	0	0	0	0	0	0	0	0	0	0	0	0	0	0	0	0	0	0	0	0	0	0	0	0	0	0	0	0	0	0	0	0	0	0	0	0	0	0	0	0	0	0	0	0	0	0	0	0	0	0	0	0	0	0	0	0	0	0	0	0	0	0	0	0	0	0	0	0	0	0	0	0	0	0	0	0	0	0	0	0
d2_81	0	0	0	0	0	0	0	0	0	0	0	0	0	0	0	0	0	0	0	0	0	0	0	0	0	0	0	0	0	0	0	0	0	0	0	0	0	0	0	0	0	0	0	0	0	0	0	0	0	0	0	0	0	0	0	0	0	0	0	0	0	0	0	0	0	0	0	0	0	0	0	0	0	0	0	0	0	0	0	0	0	0	0	0	0	0	0	0	0	0	0	0	0	0	0	0	0	0	0	0	0	0
d2_82	0	0	0	0	0	0	0	0	0	0	0	0	0	0	0	0	0	0	0	0	0	0	0	0	0	0	0	0	0	0	0	0	0	0	0	0	0	0	0	0	0	0	0	0	0	0	0	0	0	0	0	0	0	0	0	0	0	0	0	0	0	0	0	0	0	0	0	0	0	0	0	0	0	0	0	0	0	0	0	0	0	0	0	0	0	0	0	0	0	0	0	0	0	0	0	0	0	0	0	0	0	0
d2_83	0	0	0	0	0	0	0	0	0	0	0	0	0	0	0	0	0	0	0	0	0	0	0	0	0	0	0	0	0	0	0	0	0	0	0	0	0	0	0	0	0	0	0	0	0	0	0	0	0	0	0	0	0	0	0	0	0	0	0	0	0	0	0	0	0	0	0	0	0	0	0	0	0	0	0	0	0	0	0	0	0	0	0	0	0	0	0	0	0	0	0	0	0	0	0	0	0	0	0	0	0	0
d2_84	0	0	0	0	0	0	0	0	0	0	0	0	0	0	0	0	0	0	0	0	0	0	0	0	0	0	0	0	0	0	0	0	0	0	0	0	0	0	0	0	0	0	0	0	0	0	0	0	0	0	0	0	0	0	0	0	0	0	0	0	0	0	0	0	0	0	0	0	0	0	0	0	0	0	0	0	0	0	0	0	0	0	0	0	0	0	0	0	0	0	0	0	0	0	0	0	0	0	0	0	0	0
