	d0_0	d0_1	d0_2	d0_3	d0_4	d0_5	d0_6	d0_7	d0_8	d0_9	d0_10	d0_11	d0_12	d0_13	d0_14	d0_15	d0_16	d0_17	d0_18	d0_19	d0_20	d0_21	d0_22	d0_23	d0_24	d0_25	d0_26	d0_27	d0_28	d0_29	d0_30	d0_31	d0_32	d0_33	d0_34	d0_35	d0_36	d0_37	d0_38	d0_39	d0_40	d0_41	d0_42	d0_43	d0_44	d0_45	d0_46	d0_47	d0_48	d0_49	d0_50	d0_51	d0_52	d0_53	d0_54	d0_55	d0_56	d0_57	d0_58	d0_59	d0_60	d0_61	d0_62	d0_63	d0_64	d0_65	d0_66	d0_67	d0_68	d0_69	d0_70	d0_71	d0_72	d0_73	d0_74	d0_75	d0_76	d0_77	d0_78	d0_79	d0_80	d0_81	d0_82	d0_83	d0_84	d0_85	d0_86	d0_87	d0_88	d0_89	d0_90	d0_91	d0_92	d0_93	d0_94	d0_95	d0_96	d0_97	d0_98	d0_99	d0_100	d0_101
d1_0	0	0.155061	0.0375408	0.0190982	0.0126734	0.00399681	0.00939384	0.0141311	0.00737702	0.0012476	0.0027862	0.00704056	0.000687901	0.00551377	0.00121114	0.00593572	0.0104184	0.000802144	0.00456933	0.000870439	0.00119805	0.00575748	0.000113477	0.00512165	1.21952e-05	8.9328e-05	0.00109158	0.00110384	4.15751e-05	4.21515e-05	0.00595609	0.00107996	0.0016339	5.47907e-06	2.47347e-05	0.000263245	0.00246341	5.07308e-05	1.35369e-05	2.08038e-05	1.33267e-05	2.36311e-05	0.00504598	0	1.30107e-05	2.31376e-06	0.00066874	1.7047e-05	0	0.000359277	0	0.00036951	0	1.12275e-05	0	0	0	0	0	8.63269e-06	4.52638e-06	0	0	0	0.00404867	0	0	0	0	0	0	0	0	0	0	0	0	0	0	0	0	0	0	0	0	0	0	0	0	0	0	0	0	0	0	0	0	0	0	0	0	0
d1_1	0.0808059	8.3923e-05	3.31423e-05	0.00477481	0.000688613	1.05807e-05	2.97872e-05	4.78579e-05	7.27251e-07	1.59031e-05	9.00081e-06	1.01047e-05	1.55466e-05	0.000387702	0.00504687	5.00853e-06	0.000236292	3.87491e-05	6.77167e-07	0	3.91492e-06	3.94386e-05	1.31849e-05	0	3.70333e-06	1.48984e-05	1.55034e-06	0	4.54709e-06	0	0	0	0	0	1.54003e-06	0	0	0	1.91767e-05	0.000693192	0	1.13638e-05	0	0	0	0	0	3.97834e-06	8.96985e-06	0	0	0	0	0	0	0	0	0	0	0	0	0	0	0	0	0	0	0	0	0	0	0	0	0	0	0	0	0	0	0	0	0	0	0	0	0	0	0	0	0	0	0	0	0	0	0	0	0	0	0	0	0
d1_2	0.0271335	4.59382e-05	0.00108447	0.000688755	6.0598e-05	1.15632e-05	5.45781e-05	4.23624e-05	8.89574e-06	0.00504688	3.6424e-05	0.00406548	0	0.00103959	1.17968e-05	1.80122e-05	3.67285e-06	0	2.00966e-05	1.67226e-05	0.00104726	0.000383228	0	0.00468741	0	1.74148e-06	6.02076e-06	1.45439e-05	9.97892e-06	0	1.28663e-05	0	0	3.88874e-06	0	0	0.00102943	0	0	0	1.06663e-05	0.00102133	0	0	0	0	0	1.44538e-05	0	0	0	0	0	3.1963e-06	0	0	0.00468118	0.000693408	0	0	0	0	0	0	0	0	0	0	0	0	0	0	0	0	0	0	0	0	0	0.000348674	0	0	0	0	0	0	0	0	0	0	0	0	0	0	0	0	0	0	0	0	0	0
d1_3	0.0103551	0.000728868	4.0265e-05	3.38903e-05	3.9409e-05	9.30127e-06	0.00662011	3.30597e-05	3.49136e-05	4.15326e-05	1.19664e-05	0.000239388	0	0.00443115	5.74862e-06	0.000710595	1.03936e-05	0.000363684	1.88306e-05	8.25482e-06	0.000200622	0.000705329	0	0	7.23788e-06	4.49127e-06	0.00524532	6.0312e-06	6.0868e-06	0	9.35654e-07	1.53626e-06	0.00066874	0	2.65206e-05	0	0.000350662	1.31271e-05	0	5.19822e-06	6.7012e-06	0	1.60301e-05	0.000702811	1.23281e-05	0	0.000353033	0	0	0	0.00470567	0	0	0	0	0	0.00100311	0	0	0	0	0	0	0	0	0	0	0	0.000221801	0	0	0	0	0	0	0	0	0	0	0	0	0	0	0	0	0	0	0	0	0	0	0	0	0	0	0	0	0	0	0	0	0
d1_4	0.00933249	1.55762e-05	6.32467e-05	3.99099e-05	1.24849e-05	0	3.03988e-05	9.29396e-05	0.000362939	3.09577e-05	1.96902e-05	3.1848e-05	1.39679e-05	3.15211e-05	0.000240277	2.32096e-05	6.17469e-08	1.98799e-05	0.000250088	3.99851e-06	0.000363382	0.00461111	0	2.11896e-06	0	0	0	1.27773e-05	0	2.27097e-07	1.67871e-06	0	0	0	0	0	1.80837e-05	0	0	1.29701e-05	0	1.4005e-06	0	6.23504e-06	0	0	8.44443e-06	0	0	0	0.00103194	0	0	0	0	0	0	0	0	0.00066874	0	0.00502452	0.00033437	0	0	0	0	0	0	0	0	0	0	0	5.31545e-06	0	0	0	0	0	0	0	0	0	0	0	0	0	0	0	0	0	0	0	0	0	0	0	0	0	0	0
d1_5	0.0034056	6.85401e-05	4.59906e-05	0.000410523	1.94615e-05	1.84994e-05	0.00109609	1.91978e-05	4.98088e-05	0.000394915	3.7351e-05	0	1.03405e-05	2.03706e-05	0	1.34445e-06	0	2.56472e-06	0.000672052	0.000348914	1.63705e-06	2.3571e-05	1.07326e-05	2.15444e-05	1.72117e-05	0.00505109	0	8.30118e-06	0	0	0.00103197	7.24125e-07	5.6216e-06	0.000579273	0	0	9.7846e-06	0	1.35995e-05	0	0	3.0415e-06	0.000226015	0	0	2.08e-05	0	0	0	5.9321e-06	0	0.00033437	0	0	0	0	0	1.01731e-05	0.00100311	0	0	0	0	0	0	0	0	0.00066874	0	0	0	0	0	0	0	0	0	0	0	0	0	0	0	0	0	0	0	0	0	0	0	0	0	0	0	0	0	0	0	0	0	0
d1_6	0.00162562	2.9141e-05	6.35421e-05	3.63333e-06	1.12481e-06	0.000285904	0.00525861	1.21712e-05	6.54372e-06	0.000672418	4.56509e-06	1.30372e-07	3.17379e-05	9.60639e-06	0.00504275	0.000672346	0	0.0015783	0.000704871	0	0	0	0	2.1325e-05	0	0.00501974	0	3.2648e-06	0	0	6.43238e-06	0	4.14198e-06	0	0	4.30257e-06	0	0	0	0	0	0	0	0	0	0	0	0	0	0	0	0	0	5.0297e-06	0	0.00120607	0	0	0	0	0	0	0	0	0	0	0	0	0	0	0	0	0	0	0	0	0	0	0	0	0	0	0	0	0	0	0	0	0	0	0	0	0	0	0	0	0	0	0	0	0	0
d1_7	0.00241152	6.34942e-05	3.73187e-05	0.000371603	0	3.20374e-05	1.1483e-05	8.08322e-06	0.000568361	9.27651e-06	5.61034e-06	1.05982e-05	2.05578e-05	9.82433e-06	0	7.50831e-06	1.31988e-05	0	0	6.92861e-06	0	5.52923e-05	2.38919e-05	3.88438e-06	5.32543e-06	0.00066874	0	0.00523879	2.21986e-06	0.00101944	0	1.35427e-05	0	0	1.20551e-05	0	9.89565e-06	0	0	0	0	0	0	0	0	0	0	0	0	0	0	0	0	0	0	0	0	0	0	0	0	0.000351585	0	0	0	0	0	0	0	0	0	0	0	0	0	0	0	0	0	0	0	0	0	0	0	0	0	0	0	0	0	0	0	0	0	0	0	0	0	0	0	0
d1_8	0.0019704	4.18142e-06	2.59191e-05	1.30405e-05	3.59675e-06	0	1.31111e-06	1.15714e-05	6.82986e-06	3.87175e-06	3.48235e-07	4.86723e-06	0.000415065	1.02273e-05	0	0	1.23913e-05	0	2.93275e-05	0.000348223	2.83677e-06	0	2.56959e-05	0	0	0	2.27774e-05	0	3.2172e-07	0	0	3.05201e-06	0	0.000248892	0	0	0	3.27806e-06	0	0	0	8.02223e-06	0	0	0	0	0	0	0	0	0	0	0	0	0	0	0	0	0	0	0	0	0	0	0	0	0	0	0	0	0	0	0	0	0	0	0	0	0	0	0	0	0	0	0	0	0	0	0	0	0	0	0	0	0	0	0	0	0	0	0	0
d1_9	0.00576891	2.32683e-05	0.000731868	0.00104219	1.93706e-05	1.24181e-05	2.21643e-05	4.09944e-05	0.00537047	0.000676344	0.00473719	2.97774e-05	0.00103971	1.13345e-05	1.7753e-06	2.10814e-05	3.07617e-05	3.42205e-06	0	0	0.00504633	0.000380255	1.7389e-06	0	2.16263e-05	0	3.71053e-05	3.23538e-06	0	8.28989e-06	6.76875e-06	0	0.00121988	1.83765e-06	0	0	0	0	0	0	0	2.93365e-06	0	2.42522e-06	0.000691391	0	0	9.7392e-06	0.00067471	0.00033437	0	0	0	0	0.000225851	0	0	0	0	0	0	0	0	0	0	0	0	0	0	0	0	0	0	0	0	0	0	0	0	0	0	0	0	0	0	0	0	0	0	0	0	0	0	0	0	0	0	0	0	0	0	0
d1_10	0.00697757	1.91283e-05	2.49074e-06	9.41516e-06	1.78277e-05	0	0.00102681	3.24503e-05	2.46486e-05	6.2701e-06	1.84274e-05	2.14454e-06	0	1.01384e-05	0.000347195	5.43604e-06	0.000692666	0	2.02517e-05	6.80542e-06	7.47027e-06	1.6823e-06	0	0	0	0	1.05259e-05	0	0	0	0	8.52211e-06	0	0	0.000676032	0	0.00471154	0	0	1.33446e-05	0.000730318	0	0	0	0	0	0.000542208	0	0	0	0	0.000336495	0	0	0	1.24035e-05	0	0	0	0	0.00066874	0	0	0.000345651	0	0	1.12013e-05	0	0	0	0	0	0	0	0	0	0	0	0	0	0	0	0	0	0	0	0	0	0	0	0	0	0	0	0	0	0	0	0	0	0	0
d1_11	0.000747995	4.375e-05	1.55486e-05	0	3.51099e-05	5.3265e-06	6.43994e-06	1.87755e-05	4.4362e-05	1.08248e-05	2.94415e-05	8.23843e-07	1.14687e-05	0	0	0	0	0	2.08145e-05	0	0	0	0.00503938	0	0	0.00121165	1.43546e-05	6.01354e-06	1.43736e-06	0	0	0	0	8.63655e-06	0	0	0	1.49146e-05	0	0	0	0	0	0.000223514	0.000688612	2.68795e-05	0	1.61783e-05	0	0.00033437	0	0	0	0.00468118	4.39077e-06	0	0	6.88476e-06	0	0	0	0	0	0	0	0	0	0	1.67496e-06	0	0	0	0	0	0	0	0	0	0	9.19295e-06	0	0	0	0	0	0	0	0	0	0	0	0	0	0	0	0	0	0	0	0	0	0
d1_12	0.00094758	2.05019e-05	1.4901e-05	0.000233068	1.77768e-06	1.62884e-06	0.000669564	9.8082e-06	0.000242483	0	5.88064e-06	0.000359021	1.03916e-05	2.95855e-05	4.00501e-06	0	1.03228e-05	2.09048e-05	0.00120945	0	1.3482e-05	5.03359e-06	0.000549636	0	0.00066874	0	0	4.15482e-05	0	0	0.00122454	0	1.42293e-05	7.46139e-07	0	0	2.76745e-05	8.6127e-06	0.00033437	0	0	0	3.03443e-05	1.31046e-05	0	0	0	0	0	0	1.82095e-06	0	0	0	0.00066874	0	0.00501555	0.000347499	0	0	0	0	0	0	7.46221e-06	0	0	0	0	0	0.000550695	3.34762e-06	0	0	0	0	0	0	0	0	0	0	0	0	0	0	0	0	0	0	0	0.00469461	0	0	0	0	0	0	0	0	0	0
d1_13	0.000883953	1.61519e-05	0.000368	3.05786e-05	8.00458e-06	0	1.16261e-05	1.86884e-05	1.44275e-06	2.52032e-05	3.60482e-05	5.3893e-06	1.09669e-06	1.53233e-05	0	0.00504872	1.21421e-05	0	3.31145e-06	2.30914e-05	8.67493e-06	2.51357e-05	0	0.00100535	0	9.06203e-06	0.000353825	0	1.35938e-05	0.000568128	0.0046876	0	0	0.000226486	1.69231e-05	0	0	0	0	0.00100311	0.00102209	6.07952e-07	0	7.4786e-06	0.0010224	0	0	0	0	0	0	0	1.12992e-05	0	0	0	0	0	0	0	0.00187647	0	0	0	0	0.00101687	0	0.00033437	0	0	0	0	0	0	0	0	0	0	0	2.03319e-05	0	2.17143e-06	0	0	0	0	0	0	0	0	0	0	0	0	0	0	0	0	0	0	0	0
d1_14	0.00582504	4.38071e-06	0	3.65768e-06	0	8.58616e-06	1.50248e-05	2.78795e-05	2.27452e-05	0	0	3.40357e-06	3.26101e-05	0	6.42801e-06	0	0.000354876	0	0	3.89515e-06	0.00135036	1.50562e-05	0	0	0.000209514	0	0	0	1.50371e-05	0	1.39553e-05	0	0	0	7.99063e-06	0	0	2.35405e-05	0	0	0	4.35479e-06	0	9.20531e-06	0	0	7.97474e-07	0.000672905	0	0	7.5655e-06	1.28565e-05	0	5.2817e-06	0	0	0	0	0	0.000354008	0	0	0	0	0	0	0	0.001016	0	0	0	0	0	0	0.00469436	0	0	0	2.76002e-06	0	0	1.77712e-06	0	0	0	0	0	0	0	0	0	0	0	0	0	0	0	0	0	0	0	0
d1_15	0.000943404	1.54114e-05	1.55517e-05	1.25914e-05	8.89582e-06	1.84476e-05	0	0	0.000359801	0	0.00122849	0.000247223	2.05263e-06	0.00471434	0.00103015	0.00100614	0.000832372	0	0.000552611	0.000230875	0.000363398	5.82585e-06	4.65983e-06	0	2.10231e-05	0.00122757	0	0	0	0.00569786	0	0.000724837	0	0.0045772	0.000226967	2.99588e-06	0	0	0	0	0	0	6.77108e-06	0	0	0	0	1.01069e-06	0	0	0	0	0	1.94498e-06	0.00066874	0.00121776	0	0	0	0	0	0	0	0	0	0	0	0	0	0	0	2.16076e-06	0	0	0	0	0	0	1.84801e-05	0	0	0	0	0	0	0	0	0	0	0	0	0	0	0	0	0	0	0	0	0	0	0
d1_16	0.000143968	9.84644e-06	0.00597627	0	2.32096e-06	0.00403176	0	0	0	0	1.99505e-05	2.19946e-06	0	0	0	0	1.08888e-05	0.00070183	0	0	5.41308e-06	0	0.00100311	0	0	8.75555e-06	0	0	0	0	0	0	0	0	0	0	0	0	0	0	0	0	0	0	0	0	0	0	0	0	0	0	1.99204e-06	0	0	0	0	0.0006725	0	0	0	0	7.95585e-06	0	0	0	0	0	0	0	0	0	0	0	0	0	0	0	0	0	0	0	0	0	0	0	0	0	0	0	0	0	0	0	0	0	0	0	0	0	0	0
d1_17	0.000480328	0.000357869	2.29003e-08	1.36899e-05	1.49798e-05	0.0006836	8.50983e-06	1.56761e-05	3.62597e-05	0	2.54651e-06	0	0	2.1348e-06	0.000221204	1.34218e-05	2.12673e-05	1.54197e-05	9.88853e-06	0	0.000694429	0	6.55921e-06	5.55411e-06	0.000361274	0	7.20591e-06	0	0	0	0	0.00033437	0	2.04071e-05	2.91233e-05	0	0	0	0	0	0	0	0	0	1.18943e-06	0	0	0	0	0	0	0	0.00504145	0	0	1.08559e-06	0	0	0	0	0.000335328	0	0.000243305	2.89275e-06	0	0	0	0	0	0	0	0	0	0	0	0	0	0	0	0	0	0	0	0	0	0	0	0	0	0	0	0	0	0	0	0	0	0	0	0	0	0
d1_18	0.000118048	0	1.33862e-05	0	9.70644e-07	0	1.19893e-06	3.52504e-06	0	2.16487e-06	0.00102001	1.31538e-06	2.00789e-06	3.12373e-05	5.98475e-06	0	5.66073e-06	1.70425e-05	0	0	0	0	1.06602e-06	8.04405e-06	0	0	0	0	0.00124311	0	0	0	0	0.00103651	2.94722e-06	0	0.000687839	0.00020525	0	0	0	4.19722e-06	0	0	0	1.89882e-05	0	0	0	0	0	0	0	0	0	0	0	0	0.00102625	0	0	0	3.39319e-08	0	0	0	0	0	0	0	0	1.20484e-05	1.44025e-05	0	0	0	0	0	0	0	0	0	0	0	0	0	0	0	0	0	0	0	0	0	0	0	0	0	0	0	0	0
d1_19	5.08674e-05	5.95399e-07	0	0	0	0	0	3.4814e-06	0	0	0.000680847	0	1.2736e-06	0	1.92442e-06	0	0	0	0	2.75759e-06	0	0	0	0	0	0	0	0	0	1.40306e-05	0	0	0	0	0	0	0	0	0	0.00122279	0	0	0	0	0	0	0	0	0	8.41215e-07	0	0	0	0	0	1.14824e-06	0	0	0	0	0	0	0	0	0	0	0	1.27971e-05	0	0	0	0	0	0	0	0	0	0	0	0	0	0	0	0	0	0	0	0	0	0	0	0	0	0	0	0	0	0	0	0	0	0
d1_20	0.000631486	2.32429e-05	0	0	0	0	0	0	0	0	1.03391e-07	6.93762e-06	0	1.14084e-06	0.000348378	2.63561e-06	0	1.79953e-05	1.8969e-05	0	4.49653e-06	1.13588e-05	0	0.00066874	0.00036102	0	0.000669211	0	0.000362749	0	0.00100481	0	0	0	0	0	0	0	0	0	0	0	0	0	0	0	0	0.000690413	0.00503397	0	0	2.54131e-07	0	1.70159e-05	0	3.32393e-06	0.00401696	0.00468118	1.21504e-05	0	0	0	0	0	0	0	0	0	0	0	0	0	0	0	0	0	0	0	0	0	0	0	0	0	0	0	0	0	0	0	0	0	0	0	0	0	0	0	0	0	0	0
d1_21	8.51265e-05	3.73419e-06	1.20739e-05	3.09337e-05	2.85214e-06	0	1.86867e-06	0	5.80516e-07	0	0	0	0	4.26394e-06	0.000357717	5.28228e-06	0.00468118	0	0	0	0	3.04249e-06	4.84582e-06	0	0	3.23855e-06	0.000682425	0	0	0.00501555	0	0	0	0	0.00468236	0	0	0	0	0	0	0	5.43729e-06	0	0	0	0	0	0	0	0	0	0	0	0	0	0	8.93985e-06	0	0	0	0	0	0	0	0	0	0	0	0	0	0	0	0	0	0	0	0	0	0	0	0	0	0	0	0	0	0	0	0	0	0	0	0	0	0	0	0	0	0	0	0
d1_22	0.000114221	0	7.64886e-06	0.00033437	0	1.23311e-05	1.7928e-06	0	0	1.14942e-05	0	2.10344e-06	0	0	7.54484e-06	1.23995e-06	0	0	2.07052e-06	0	0	0	0	0.00469951	0	3.78927e-06	2.38633e-05	1.45551e-06	0	0	0	0.000675856	0	0	1.92406e-05	0	0	5.32886e-06	0	0.00102101	0	1.37318e-07	0	3.32443e-06	0	0	0	0	0	0.00502333	7.98505e-06	0	0.00066874	0	0	0	0	0	0.00066874	0	0.00066874	0	0	0	0	0	0	0	0	0	0	0	0	0	0	0	0	0	0	0	0	0	0	0	0	0	0	0	0	0	0	0	0	0	0	0	0	0	0	0	0	0
d1_23	0.000280781	4.69021e-05	1.00253e-06	2.70688e-06	0	7.17325e-06	0	0.000348547	6.99259e-06	2.41526e-07	0	0	0	2.18399e-07	0	0.00506113	1.752e-07	0	0	0	0	0	1.31668e-06	1.67096e-05	0	0.000338213	0	0	0	0	2.50636e-06	0	0	0	0	2.31487e-06	0	0	0.000546395	3.22659e-06	1.00772e-06	0	0.00469075	0	0	0.00120373	0	0	0	0	0	0	0	0.000211612	0	0	0	0	0	0	0	0	0	0	0	0	0	0.000223592	1.41707e-06	0	0	0	0	0	0	0	0	0	0	0	0	0	0	0	0	0	0	0	0	0	0	0	0	0	0	0	0	0	0	0	0	0
d1_24	1.42824e-05	3.16352e-06	1.30119e-05	0	1.67204e-06	0	0	0	0	0	0	1.3694e-06	0	0	0	0	0.00123726	5.16371e-06	0	0	0	0.00103371	0	0	0	1.20536e-05	0.00037878	0.000545765	0	0.00603046	0	0	1.69297e-06	0.00469094	0	6.38144e-07	0	0	1.4122e-05	0	0.00015023	0	1.69243e-05	1.03442e-05	0	0.00468118	0	0	0.000214055	0.000342663	0	0	0	0	0	0	0	0.00102745	0	0	0.00066874	0	0	0	0.000217499	0	0.00100311	0	0	0	0	0	0	0	0	0	0	0	0	0	0	0	0	0	0	0	0	0	0	0	0	0	0	0	0	0	0	0	0	0	0	0
d1_25	5.73311e-05	3.70592e-07	0	9.40585e-06	1.65836e-06	2.99319e-05	1.5217e-06	0	0	0	0	1.83319e-05	0	0.000569775	5.26054e-06	2.54682e-06	0	0	0.000342623	0	1.5556e-06	0.000370227	0	0	2.27247e-05	0	0	0.000347918	0	0	4.51873e-07	0	0	0	0.000677382	8.40506e-06	0	0	0	0	1.23682e-05	0	0	0	0	0	0.00468118	0	0	0	0	0	0	0	0	0	0	0	0	0	0	0	0	0	0	0	0	0	0	0	0	0	0	0	0	0	0	0	0	0	0	0	0	0	0	0	0	0	0	0	0	0	0	0	0	0	0	0	0	0	0	0
d1_26	7.62659e-05	0	0	0	4.77973e-06	0	0	1.43771e-06	1.99665e-06	1.31712e-07	0	8.00371e-06	0.00056306	1.47906e-05	0	0.00536742	0	0	0	0	0	0	0	0	0	0	0.000692064	0	0	0	0	0.00468118	0	0	0	0.00469013	0	0	1.48868e-06	0	2.05255e-06	0	0	1.8684e-05	0	0	0	0	0.00034951	0	0	0.000560524	0	0	0	0	0	0	0	0	0	0	0	0	0	0	0	0	0	0	0	0	0	0	0	0	0	0	0	0	0	0	0	0	0	0	0	0	0	0	0	0	0	0	0	0	0	0	0	0	0	0
d1_27	1.14624e-05	0	9.32049e-06	1.56986e-05	6.07291e-07	1.66984e-07	0	9.55364e-06	0	0	1.24994e-07	0.00404813	0	0	0	0	0	0	0	2.67097e-06	0	0	4.10794e-06	3.87088e-06	0.000334837	0	8.60522e-06	0	0	0.0040419	0	2.62787e-06	2.83698e-06	0	0.00020074	0	0	0.00103392	0	8.93263e-06	4.28457e-07	0	0	0	0	0	5.54191e-06	0	6.66367e-06	0	0	0	0	0	0	0	0	0	0	0	0	0	0	0	0	0	0	0	0	0	0	0	0	0	0	0	0	0	0	0	0	0	0	0	0	0	0	0	0	0	0	0	0	0	0	0	0	0	0	0	0	0
d1_28	0.00054488	1.01201e-05	0	0	0	0	0	0	9.62326e-06	4.72058e-06	0.000672786	0	0.00100311	0	0	0	5.05829e-06	0	0	0	8.46336e-07	4.27348e-06	0	1.57203e-05	0	0	0	0	1.92469e-06	0	0	4.44581e-06	0.000678368	3.04046e-06	0	2.69648e-06	0	2.5876e-06	0	0.000678246	0	0	0	8.27868e-07	1.03673e-05	0	0	0	0	0	0	0	0	0	0	0	0	6.89559e-06	0.00470487	0	0	0	0	0	0	0	0	0	0	0	0	0	0	0	0	0	0	0	0	0	0	0	0	0	0	0	0	0	0	0	0	0	0	0	0	0	0	0	0	0	0	0
d1_29	6.92023e-06	0	0	0	0	0	0	3.92516e-06	0	0	0.00471094	0	0	0	0.00055244	0	0	0	0	0	0	0	0	1.48825e-05	0.00100747	0	0.00100692	5.76155e-06	1.57634e-05	0	0	0	0	0	0	0	0	0	0	0	0	0	0	0	0	0	0	0	0	0	0	0	0	0	0	0	0	0	0	0	0	0	0	0	0	0	0	0	0	0	0	0	0	0	0	0	0	0	0	0	0	0	0	0	0	0	0	0	0	0	0	0	0	0	0	0	0	0	0	0	0	0
d1_30	0	0	0	1.73661e-05	0	0	8.69348e-06	0	0	0	0	0	0	0	0	0	2.23239e-06	4.5155e-06	0	0	0	0	9.30391e-06	0	0	0	0	0	0	0	6.58469e-06	0	0	0	0	0.000681506	0	0	0	6.58148e-07	0	0	1.44892e-06	0.00539447	0	0.000217837	0	0	0	0	0	0	0	0	0	0	0	0	0	0	0	0	0	0	0	0	1.73613e-05	0	9.31001e-06	0	0.00468853	0	0	0	0	0	0	0	0	0	0	0	0	0	0	0	0	0	0	0	0	0	0	0	0	0	0	0	0	0	0	0
d1_31	1.70095e-05	0	0	0	0	1.80141e-05	0	1.10012e-05	0	0	6.92898e-06	1.53052e-06	0	0	0	0	0	0.00066874	0	0	9.79024e-06	0	0	0	0	0	0	0	0	0	0	0	0	0	0	1.13608e-06	0	5.22662e-06	2.23326e-06	0	0	2.91003e-05	0	0	0	1.85278e-05	0	0	0	0	0	0.000358762	0	0	0	0.00101296	0	0	0	0	0	0.00401408	0	0	0	8.56271e-06	0	0	0	0	0	0	0	0	0	0	0	0	0	0	0	0	0	0	0	0	0	0	0	0	0	0	0	0	0	0	0	0	0	0	0	0
d1_32	0	0	0	0	0	0	1.50243e-05	0	0	0.000559129	0	0.00066945	0	0	0	0	0	0	0.00066874	0	0.000348814	0	0	0	0	0.00501722	0	0	0	0.00066874	0	0	6.81663e-06	0.000676261	0	0	0	0.000567069	0	0	0	0	0	0	0	0	0	0	0	0	0	0	0	0	0	0	0.00033437	0	0	0	0	0	0	0	0	0	0	0	0	0	0	0	0	0	0	0	0	0	0	0	0	0	0	0	0	0	0	0	0	0	0	0	0	0	0	0	0	0	0	0	0	0
d1_33	0	0	0	0	0	0	0	0	0	0	1.35031e-05	0.00471858	0	0	0	0	0	0	0	0	0	0	0	0	0.00137179	0	0	0	0	0	0.00066874	0	0	0	0	0.00504042	0	0	0	0	0	0	0	0	0	0	0	0	0	0	1.74105e-06	0	0	0	0	0	0	0	0	1.24514e-05	0	0	0	0	0	0	0	0	0	0	0	0	0	0	0	0	0	0	0	0	0	0	0	0	0	0	0	0	0	0	0	0	0	0	0	0	0	0	0	0	0	0
d1_34	3.19882e-05	0	0	0	0	0	0	0	0	0	0	0	0	7.10302e-06	0	0.00069713	0	0	0	0	2.68411e-06	0	0	0	0.000344826	0.00468359	0	0	0	0.000689083	0	0	0	0	0	0.00066874	0.00137201	0	3.25176e-06	0	0	1.83989e-05	0	0	0	0	0	0	0	0	0	0	0	0	0	0	0	0	0	0	0	0.00066874	0	0	0	0	0	0	0	0	0	0	0	0	0	0	0	0	0	0	0	0	0	0	0	0	0	0	0	0	0	0	0	0	0	0	0	0	0	0	0	0
d1_35	0	0	0	0	0	0	1.48833e-05	0	0	0	0.00033437	0.00021388	0	1.51791e-05	0	0	0	0	0	0	0	0	0	0	0	0	0	0	0	0	0	0	0.00066874	0	0	0	0	0	0	0	0	0	4.61886e-07	0.00101893	1.66806e-06	0	0	0	0	0.00066874	0	0	0	0	0	0	0	0	0	0	0	0	0	0	0	0	0	0	0	0	0	0	0	0	0	0	0	0	0	0	0	0	0	0	0	0	0	0	0	0	0	0	0	0	0	0	0	0	0	0	0	0
d1_36	4.85171e-06	0	0	0	0	0	0.000362248	0.000352718	0.00066874	0	0	0	0	0	0	1.15449e-05	0	0	0	0	0	0.00100799	0	4.01452e-06	0	2.92758e-06	0	0	0	0	0	0	0	0	0	0	0	0	0	0.00536245	0	0	2.89515e-07	0	0.000685225	0.000547956	0	0	0	0	0	0	0	4.46338e-06	0	0	0	0	0	0	0	0	0	0	0	0	0	0	0	0	0	0	0	0	0	0	0	0	0	0	0	0	0	0	0	0	0	0	0	0	0	0	0	0	0	0	0	0	0	0	0	0
d1_37	5.53512e-06	0	0	0	0	0	0	0.00468118	0	8.82317e-06	0	0	0	0	0	0	0	0	0	0	0	0	0	0	0	0	3.8415e-06	0	0	0	0	0	0	0	0	0.000685013	0	0	0	0	0	0	0	0	0	0	0	0	0	0	0	0	0	0	0	0	0	0	0	0	0	0	0	0	0	0	0	0	0	0	0	0	0	0	0	0	0	0	0	0	0	0	0	0	0	0	0	0	0	0	0	0	0	0	0	0	0	0	0	0	0	0
d1_38	9.33652e-07	1.03347e-05	0	0	0	0	0	0	0	0	0	5.62162e-06	0	0	1.88138e-06	0	0	0	0	0	0	0	0	0	0	0.00067574	0	0	4.21811e-06	0	0	0	0	0	0	0	0	0	0	0	0	0	0	0	0	0	0	0	0	0	0	0	0	0	0	0	0	0	0	0	0	0	0	0	0	0	0	0	0	0	0	0	0	0	0	0	0	0	0	0	0	0	0	0	0	0	0	0	0	0	0	0	0	0	0	0	0	0	0	0	0	0
d1_39	2.14747e-05	0	0	0	2.92949e-06	0	0	0	0	1.17515e-05	0	0	0	4.46048e-06	0	0	0	0	3.58708e-06	8.30191e-06	0	0	0	0	0	0	0	0	0	0	0	0.00135575	0	0	0	0.00468225	0	0	0	0	0	0	0	0	0	0	0	0	0	0	0	0	0	0	0	0	0	0	0	0	0	0	0	0	0	0	0	0	0	0	0	0	0	0	0	0	0	0	0	0	0	0	0	0	0	0	0	0	0	0	0	0	0	0	0	0	0	0	0	0	0	0
d1_40	7.89529e-06	0	0	0	2.58887e-05	0	0	0	0	0	0	0	3.87342e-06	2.00035e-06	4.6384e-06	0	0	0	0	0	0	0	0	0	0	0	0.00066874	0	0	7.33534e-06	7.51569e-06	0	0	0	0	0	0	0	0	0.00101491	0	0	0	0	0	0	0	0	0	0	0	0	0	0	0	0	0	0	0	0	0	0	0	0	0	0	0	0	0	0	0	0	0	0	0	0	0	0	0	0	0	0	0	0	0	0	0	0	0	0	0	0	0	0	0	0	0	0	0	0	0	0
d1_41	0	0	0	0	0	0	0	0	0	0	0	0	0	0	0.00066874	0	0	0	0	0	0	0	0	0	0	0	0	0	0	0	0	0	0	0	0	0	0	0	0	0	0	0	0	0	0	0	0	0	0	0	0	0	0	0	0	0	0	0	0	0	0	0	0	0	0	0	0	0	0	0	0	0	0	0	0	0	0	0	0	0	0	0	0	0	0	0	0	0	0	0	0	0	0	0	0	0	0	0	0	0	0	0
d1_42	3.14605e-06	0	0	0	1.63917e-07	3.85993e-06	5.07316e-06	0	0	0	0	0	0	2.96816e-07	0	0	0	0	0	0	0	0.00504348	0	0	0	0.00066874	0	0	0	0	0	0	0	0	0	0	0	0	0	0	0	0	0	0	0	0	0	0	0	0	0	0	0	0	0	0	0	0	0	0	0	0	0	0	0	0	0	0	0	0	0	0	0	0	0	0	0	0	0	0	0	0	0	0	0	0	0	0	0	0	0	0	0	0	0	0	0	0	0	0	0	0
d1_43	3.31142e-05	0	0	0	0	8.00142e-07	0	0	0	0	0	0	0	0	0.000163871	0	0.000534992	0	0.00123295	0	0	0	0	0.00468118	0	0	0	0	0	0	0	0	0	0	0	0	0	0	0	0	0	0	0	0	0	0	0	0	0	0	0	0	0	0	0	0	0	0	0	0	0	0	0	0	0	0	0	0	0	0	0	0	0	0	0	0	0	0	0	0	0	0	0	0	0	0	0	0	0	0	0	0	0	0	0	0	0	0	0	0	0	0
d1_44	6.49835e-06	0	0	0	0	0	0	0	0	0	0	5.37121e-06	0	0	0.00501555	0	0	0	0	0	0	0	0	0	0	0	0	0	0	0	0	0	0	0	0	0	0	0	0	0	0	0	0	0	0	0	0	0	0	0	0	0	0	0	0	0	0	0	0	0	0	0	0	0	0	0	0	0	0	0	0	0	0	0	0	0	0	0	0	0	0	0	0	0	0	0	0	0	0	0	0	0	0	0	0	0	0	0	0	0	0	0
d1_45	0	0	0	0	0	0	0	0	0	0	0	0	0	0	0	0	0	0	0	0	0	0	0	0	2.21561e-06	0	0.000552656	0	0	0	0	0	0	0.00102332	0	0	0.00066874	0	0	0	0	0	0	0	0	0	0	0	0	0	0	0	0	0	0	0	0	0	0	0	0	0	0	0	0	0	0	0	0	0	0	0	0	0	0	0	0	0	0	0	0	0	0	0	0	0	0	0	0	0	0	0	0	0	0	0	0	0	0	0	0	0
d1_46	0	0	0	0	0	0	0	0	0	0	0	0	0	0	0	0	0	0	0	0	0	0	0	0	0	0	0	0	0	0	0	0	0	0	0	0	0	0	0	0	0	0	0	0	0	0	0	0	0	0	0	0	0	0	0	0	0	0	0	0	0	0	0	0	0	0	0	0	0	0	0	0	0	0	0	0	0	0	0	0	0	0	0	0	0	0	0	0	0	0	0	0	0	0	0	0	0	0	0	0	0	0
d1_47	0	0	0	0	0	0	0	0	0	0	0	0.00402739	0	0	0	0	0	0	5.41058e-07	0	0	0	0	0	0	0	0	0	0	0	0	0	0	0	0	0	0	0	0	0	0	0	0	0	0	0	0	0	0	0	0	0	0	0	0	0	0	0	0	0	0	0	0	0	0	0	0	0	0	0	0	0	0	0	0	0	0	0	0	0	0	0	0	0	0	0	0	0	0	0	0	0	0	0	0	0	0	0	0	0	0	0
d1_48	0	0	0	0	0	0	0	0	0	0	0	0	0	0	0	0	0	0	0	0	0	0	0	0	0	0	0	0	0	0	0	0	0	0	0	0	0	0	0	0.00066874	0	0	0	0	0	0	0	0	0	0	0	0	0	0	0	0	0	0	0	0	0	0	0	0	0	0	0	0	0	0	0	0	0	0	0	0	0	0	0	0	0	0	0	0	0	0	0	0	0	0	0	0	0	0	0	0	0	0	0	0	0	0
d1_49	0	0	0	0	0	0	0	0	0	0	0	1.40801e-05	0	0	0	0	0	0	0	0	0	0	0	0	0	0	0	0	0	0	0	0	0	0	0	0	0	0	0	0	0	0	0	0	0	0	0	0	0	0	0	0	0	0	0	0	0	0	0	0	0	0	0	0	0	0	0	0	0	0	0	0	0	0	0	0	0	0	0	0	0	0	0	0	0	0	0	0	0	0	0	0	0	0	0	0	0	0	0	0	0	0
d1_50	0	0	0	0	0	0	0	0	0	0	0	0	0	0	0	0	0	0	0	0	0	0	0	0	0	0	0	0	0	0	0	0	0	0	0	0	0	0	0	0	0	0	0	0	0	0	0	0	0	0	0	0	0	0	0	0	0	0	0	0	0	0	0	0	0	0	0	0	0	0	0	0	0	0	0	0	0	0	0	0	0	0	0	0	0	0	0	0	0	0	0	0	0	0	0	0	0	0	0	0	0	0
d1_51	0	0	0	0	0	0	0	0	0	0	0	0	0	0	0	0	0	0	0	0	0	0	0.000545633	0	0	0	0	0	0	0	0	0	0	0	0	0	0	0	0	0	0	0	0	0	0	0	0	0	0	0	0	0	0	0	0	0	0	0	0	0	0	0	0	0	0	0	0	0	0	0	0	0	0	0	0	0	0	0	0	0	0	0	0	0	0	0	0	0	0	0	0	0	0	0	0	0	0	0	0	0	0	0
d1_52	0	0	0	0	0	0.00502237	0	0	0	0	6.64063e-06	0	0	0	0	0	0	0	0	0	0	0	0	0	0	0	0	0	0	0	0	0	0	0	0	0	0	0	0	0	0	0	0	0	0	0	0	0	0	0	0	0	0	0	0	0	0	0	0	0	0	0	0	0	0	0	0	0	0	0	0	0	0	0	0	0	0	0	0	0	0	0	0	0	0	0	0	0	0	0	0	0	0	0	0	0	0	0	0	0	0	0
d1_53	0	0	0	0	0	0	0	0	0	0	0	0	0	0	0	0	0	0	0	0	0	0	0	0	0	0	0	0	0	0	0	0	0	0	0	0	0	0	0	0	0	0	0	0	0	0	0	0	0	0	0	0	0	0	0	0	0	0	0	0	0	0	0	0	0	0	0	0	0	0	0	0	0	0	0	0	0	0	0	0	0	0	0	0	0	0	0	0	0	0	0	0	0	0	0	0	0	0	0	0	0	0
d1_54	0	0	0	0	0	0	0	0	0	0	0	0	0	0	0	0	0	0	0	0	0	0	0	0	0	0	0	0	0	0	0	0	0	0	0	0	0	0	0	0	0	0	0	0	0	0	0	0	0	0	0	0	0	0	0	0	0	0	0	0	0	0	0	0	0	0	0	0	0	0	0	0	0	0	0	0	0	0	0	0	0	0	0	0	0	0	0	0	0	0	0	0	0	0	0	0	0	0	0	0	0	0
d1_55	0	0	0	0	0	0	0	0	0	0	0	0	0	0	0	0	0	0	0	0	0	0	0	0	0	0	0	0	0	0	0	0	0	0	0	0	0	0	0	0	0	0	0	0	0	0	0	0	0	0	0	0	0	0	0	0	0	0	0	0	0	0	0	0	0	0	0	0	0	0	0	0	0	0	0	0	0	0	0	0	0	0	0	0	0	0	0	0	0	0	0	0	0	0	0	0	0	0	0	0	0	0
d1_56	0	0	0	0	0	0	0	0	0	0	0	0	0	0	0	0	0	0	0	0	0	0	0	0	0	0	0	0	0	0	0	0	0	0	0	0	0	0	0	0	0	0	0	0	0	0	0	0	0	0	0	0	0	0	0	0	0	0	0	0	0	0	0	0	0	0	0	0	0	0	0	0	0	0	0	0	0	0	0	0	0	0	0	0	0	0	0	0	0	0	0	0	0	0	0	0	0	0	0	0	0	0
d1_57	0	0	0	0	0	0	0	0	0	0	0	0	0	0	0	0	0	0	0	0	0	0	0	0	0	0	0	0	0	0	0	0	0	0	0	0	0	0	0	0	0	0	0	0	0	0	0	0	0	0	0	0	0	0	0	0	0	0	0	0	0	0	0	0	0	0	0	0	0	0	0	0	0	0	0	0	0	0	0	0	0	0	0	0	0	0	0	0	0	0	0	0	0	0	0	0	0	0	0	0	0	0
d1_58	0	0	0	0	0	0	0	0	0	0	0	0	0	0	0	0	0	0	0	0	0	0	0	0	0	0	0	0	0	0	0	0	0	0	0	0	0	0	0	0	0	0	0	0	0	0	0	0	0	0	0	0	0	0	0	0	0	0	0	0	0	0	0	0	0	0	0	0	0	0	0	0	0	0	0	0	0	0	0	0	0	0	0	0	0	0	0	0	0	0	0	0	0	0	0	0	0	0	0	0	0	0
d1_59	0	0	0	0	0	0	0	0	0	0	0	0	0	0	0	0	0	0	0	0	0	0	0	0	0	0	0	0	0	0	0	0	0	0	0	0	0	0	0	0	0	0	0	0	0	0	0	0	0	0	0	0	0	0	0	0	0	0	0	0	0	0	0	0	0	0	0	0	0	0	0	0	0	0	0	0	0	0	0	0	0	0	0	0	0	0	0	0	0	0	0	0	0	0	0	0	0	0	0	0	0	0
d1_60	0	0	0	0	0	0	0	0	0	0	0	0	0	0	0	0	0	0	0	0	0	0	0	0	0	0	0	0	0	0	0	0	0	0	0	0	0	0	0	0	0	0	0	0	0	0	0	0	0	0	0	0	0	0	0	0	0	0	0	0	0	0	0	0	0	0	0	0	0	0	0	0	0	0	0	0	0	0	0	0	0	0	0	0	0	0	0	0	0	0	0	0	0	0	0	0	0	0	0	0	0	0
d1_61	0	0	0	0	0	0	0	0	0	0	0	0	0	0	0	0	0	0	0	0	0	0	0	0	0	0	0	0	0	0	0	0	0	0	0	0	0	0	0	0	0	0	0	0	0	0	0	0	0	0	0	0	0	0	0	0	0	0	0	0	0	0	0	0	0	0	0	0	0	0	0	0	0	0	0	0	0	0	0	0	0	0	0	0	0	0	0	0	0	0	0	0	0	0	0	0	0	0	0	0	0	0
d1_62	0	0	0	0	0	0	0	0	0	0	0	0	0	0	0	0	0	0	0	0	0	0	0	0	0	0	0	0	0	0	0	0	0	0	0	0	0	0	0	0	0	0	0	0	0	0	0	0	0	0	0	0	0	0	0	0	0	0	0	0	0	0	0	0	0	0	0	0	0	0	0	0	0	0	0	0	0	0	0	0	0	0	0	0	0	0	0	0	0	0	0	0	0	0	0	0	0	0	0	0	0	0
