	d1_0	d1_1	d1_2	d1_3	d1_4	d1_5	d1_6	d1_7	d1_8	d1_9	d1_10	d1_11	d1_12	d1_13	d1_14	d1_15	d1_16	d1_17	d1_18	d1_19	d1_20	d1_21	d1_22	d1_23	d1_24	d1_25	d1_26	d1_27	d1_28	d1_29	d1_30	d1_31	d1_32	d1_33	d1_34	d1_35	d1_36	d1_37	d1_38	d1_39	d1_40	d1_41	d1_42	d1_43	d1_44	d1_45	d1_46	d1_47	d1_48	d1_49	d1_50	d1_51	d1_52	d1_53	d1_54	d1_55	d1_56	d1_57	d1_58	d1_59	d1_60	d1_61	d1_62
d2_0	0	0.0918307	0.0210443	0.0126399	0.00298707	0.00176255	0.00100499	0.00046931	0.000334252	0.000115481	9.7467e-05	7.72329e-05	1.28808e-05	2.13454e-06	0.000505545	1.76117e-05	0	0	0	0	0	0	0	0	0	0	0	0	0	0	0	0	0	0	0	0	0	0	0	0	0	0	0	0	0	0	0	0	0	0	0	0	0	0	0	0	0	0	0	0	0	0	0
d2_1	0.0799046	0.00169543	0.000627768	0.00200319	0.00039788	0.000156974	0.000832935	0.000142383	0.000378457	5.28109e-05	3.8673e-05	3.6596e-05	1.70324e-05	6.40362e-06	8.89658e-06	2.84605e-06	0	7.11514e-07	9.24968e-06	0	0	0	0	0	0	0	0	0	0	0	0	0	0	0	0	0	0	0	0	0	0	0	0	0	0	0	0	0	0	0	0	0	0	0	0	0	0	0	0	0	0	0	0
d2_2	0.0355319	0.000760975	0.00865233	0.00046696	0.00024169	0.00717199	0.000203598	0.00172357	0.000143721	4.16781e-05	6.46408e-05	0.000481999	2.36923e-05	4.26908e-06	1.3163e-05	1.00797e-05	2.87154e-05	0	0	0	0	0	0	0	0	0	0	0	0	0	0	0	0	0	0	0	0	0	0	0	0	0	0	0	0	0	0	0	0	0	0	0	0	0	0	0	0	0	0	0	0	0	0
d2_3	0.0111637	0.000580976	0.00654045	0.00629774	0.000666397	0.000421457	0.000131532	0.00010202	0.000158094	8.47038e-05	2.91503e-05	4.32268e-05	0	3.71327e-05	0	5.69211e-06	2.4903e-06	0	1.77878e-06	0.00124293	0	0	0	0	0	0	0	0	0	0	0	0	0	0	0	0	0	0	0	0	0	0	0	0	0	0	0	0	0	0	0	0	0	0	0	0	0	0	0	0	0	0	0
d2_4	0.00859146	0.00188066	0.00173918	0.000722172	0.000855361	0.00567413	0.000164877	0.00495724	0.000175324	8.3362e-05	9.82904e-05	2.4471e-05	6.58102e-05	0.00126803	3.97171e-05	2.03157e-05	0	0	1.06727e-06	0	0	0	0	0	0	0	3.20896e-05	0	0	0	0	0	0	0	0	0	0	0	0	0	0	0	0	0	0	0	0	0	0	0	0	0	0	0	0	0	0	0	0	0	0	0	0
d2_5	0.00306249	0.00078555	0.000252112	0.000165597	0.000275902	0.000391144	7.24208e-05	8.88786e-05	7.09512e-05	4.9528e-05	3.53314e-05	0.000754037	1.95901e-05	0.00629103	4.83125e-05	0.000802892	0	7.11514e-07	1.06727e-05	0	0	0	0	0	0	0	0	0	0	0	0	0	0	0	0	0	0	0	0	0	0	0	0	0	0	0	0	0	0	0	0	0	0	0	0	0	0	0	0	0	0	0	0
d2_6	0.00218928	0.000280019	0.000163986	0.000214859	0.000113475	9.27391e-05	6.2969e-05	0.00129411	0.000908242	0.00128611	2.32411e-05	0	1.82621e-05	2.13454e-06	8.96881e-05	0	0	0	6.14445e-06	0.00599072	0	0	0	0	0	0	0	0	0	0	0	0	0	0	0	0	0	0	0	0	0	0	0	0	0	0	0	0	0	0	0	0	0	0	0	0	0	0	0	0	0	0	0
d2_7	0.00472661	0.00103603	0.00146631	0.000145683	0.00653878	0.00159778	0.000129558	3.29743e-05	4.69702e-05	0.0062394	3.52168e-05	0.000854291	2.54741e-05	1.74273e-05	2.03252e-05	0	0.000444663	1.06727e-06	7.11514e-07	5.85155e-06	0	0	5.58273e-06	0	0	0	4.02227e-06	0	0	0	0	1.99966e-05	0	0	0	0	0	0	0	0	0	0	0	0	0	0	0	0	0	0	0	0	0	0	0	0	0	0	0	0	0	0	0
d2_8	0.000818703	0.000960894	0.000132094	0.00012442	8.33193e-05	0.000114087	0.00934831	5.45005e-05	9.64104e-05	0.00123839	9.91925e-06	3.40011e-05	4.3311e-05	3.20181e-06	5.69211e-06	6.09865e-06	4.71199e-05	0	2.13454e-06	1.11989e-05	0.000242351	4.64186e-05	0	2.96072e-05	0	0	0	0	0	0	0	0	0	0	0	0	0	0	0	0	0	0	0	0	0	0	0	0	0	0	0	0	0	0	0	0	0	0	0	0	0	0	0
d2_9	0.000583651	6.68165e-05	0.00106147	0.00694522	8.51758e-05	0.0128551	9.44369e-05	8.17531e-05	0.000481963	0.00647759	3.86913e-05	1.20957e-05	5.19855e-05	0	1.34482e-05	0	1.062e-05	0	1.42303e-06	0.00163438	0	1.6332e-05	0	0	0	0	0	0	0	0	0	0	0	0	0	0	0	0	0	0	0	0	0	0	0	0	0	0	0	0	0	0	0	0	0	0	0	0	0	0	0	0	0
d2_10	0.00361017	0.00146602	0.00131674	8.33858e-05	0.000113344	0.00567314	0.0124586	0.00601136	0.00828403	0.000853915	0.000933076	6.81024e-05	4.03195e-05	1.18466e-05	0.00149136	1.09322e-05	7.94956e-06	9.69358e-06	2.17039e-05	0	0.00144278	0	2.38794e-06	0	0	0	0	0	0	0	0	0	0	0	0	0	0	0	0	0	0	0	0	0	0	0	0	0	0	0	0	0	0	0	0	0	0	0	0	0	0	0	0
d2_11	0.000844786	8.96638e-05	0.000911449	0.000111121	0.000787995	0.000118474	2.63103e-05	0.00600594	0.00127092	6.11417e-05	4.62579e-05	7.40769e-05	0.000469501	2.34817e-05	5.84896e-05	2.2296e-05	0.000677334	0	1.66244e-05	0	1.01889e-05	1.65298e-05	0.000452134	0	0	0	0	0	0	0	3.28328e-06	0	0	0	0	0	0	0	0	0	0	0	0	0	0	0	0	0	0	0	0	0	0	0	0	0	0	0	0	0	0	0	0
d2_12	0.000176647	6.71692e-05	0.000454809	7.61039e-05	0.000720785	4.29488e-05	7.68904e-05	0.000267797	0.00395672	0.0079725	0.00317726	1.49418e-05	0.00640645	1.45602e-05	4.15005e-05	4.23688e-06	0.000845417	2.08506e-05	3.40706e-06	2.14803e-05	0	0	0	0	0	0	0	0	1.63377e-05	0	0	0	0	0	0	0	0	0	0	0	0	0	0	0	0	0	0	0	0	0	0	0	0	0	0	0	0	0	0	0	0	0	0
d2_13	0.000110426	0.0015173	0.00081992	0.000542817	4.05563e-05	0.00256038	0.000474265	4.06821e-05	5.183e-05	0.000681137	3.55757e-06	0.000114607	0.000807183	3.44593e-05	3.19181e-05	4.16166e-05	1.07797e-05	1.63263e-05	0.000573664	0.00082658	4.49127e-05	7.50043e-06	0	3.97125e-06	0	0	0	0	0	0	0	0	0	0	0	0	0	0	0	0	0	0	0	0	0	0	0	0	0	0	0	0	0	0	0	0	0	0	0	0	0	0	0
d2_14	4.34023e-05	7.47089e-06	0.00153342	2.45867e-05	9.96119e-06	3.20506e-05	5.0169e-05	2.13454e-05	0.00608699	3.36354e-05	1.94101e-05	1.56908e-05	1.77878e-06	0.000433242	1.98609e-05	3.86002e-06	0.00641322	0.0144956	0	0.00124664	3.20486e-06	0	2.11113e-05	0	0	0	0	0	0	1.06727e-06	0	0	2.0318e-05	0	0	0	0	0	0	0	0	0	0	0	0	0	0	0	0	0	0	0	0	0	0	0	0	0	0	0	0	0	0
d2_15	0.002001	4.06324e-05	2.84406e-05	1.99224e-05	1.56533e-05	4.9806e-06	6.61509e-05	1.98311e-05	1.61361e-05	1.63111e-05	2.51777e-05	8.41305e-05	3.53253e-05	2.868e-05	1.02581e-05	0	2.70108e-05	0.000452571	7.11514e-06	3.62443e-05	2.82006e-05	0	3.63567e-05	1.56647e-05	0	7.15204e-06	0	0	0	0	5.63035e-06	0	0	0	4.22557e-06	0	0	0	0	0	0	0	0	0	0	0	0	0	0	0	0	0	0	0	0	0	0	0	0	0	0	0	0
d2_16	2.97791e-05	9.25078e-06	0.000291265	4.10345e-05	1.40525e-05	2.43076e-05	0.000855258	0.00562449	9.95206e-06	0.00627098	0.00640712	1.92751e-05	2.88303e-05	2.84605e-06	3.52187e-05	0.00109171	0.00601971	5.02226e-06	3.66184e-05	2.17633e-06	1.53642e-05	0	1.31254e-05	7.76002e-06	0	8.6365e-06	0	0	0	0	0	2.87508e-06	0	0	0	0	0	0	0	0	0	0	0	0	0	0	0	0	0	0	0	0	0	0	0	0	0	0	0	0	0	0	0
d2_17	2.09897e-05	7.11514e-07	1.174e-05	2.13454e-06	8.89392e-06	3.55757e-06	0.00123145	9.60544e-06	1.20957e-05	0.00638892	0.000874643	3.39586e-05	1.76276e-05	0.00705866	0	0	0	0	2.70944e-05	2.63491e-05	0	0.000398005	0	0.000422549	0	5.63036e-06	0.000259151	0	0	1.12799e-05	0	0.00119366	0	0	0	0	0	0	0	0	0	0	0	0	0	0	0	0	0	0	0	0	0	0	0	0	0	0	0	0	0	0	0
d2_18	2.1632e-05	7.11514e-06	2.13454e-06	1.40525e-05	3.91333e-06	1.2651e-05	6.24732e-05	2.59703e-05	2.89194e-05	2.32103e-05	0.0007146	6.58441e-05	3.15228e-05	1.82673e-05	0	2.019e-06	2.97641e-05	1.38345e-05	7.11514e-07	0	2.74874e-05	0	0	0	0	3.18819e-05	0	0	0	0	0	0	0	0	0	0	0	0	0	0	0	0	0	0	0	0	0	0	0	0	0	0	0	0	0	0	0	0	0	0	0	0	0
d2_19	3.20181e-06	8.04004e-05	7.82665e-06	0.000323241	3.55757e-06	0.00127284	0	1.74142e-05	5.86167e-05	0.00148102	0	6.11617e-05	0	0.00559166	0.000441615	0.000259699	5.29727e-05	0.00601593	0	0.000795777	0	0	4.43906e-06	0	7.11514e-07	0	0.00145385	0	0	0	0	0	0	0	0	0	0	0	0	0	0	0	0	0	0	0	0	0	0	0	0	0	0	0	0	0	0	0	0	0	0	0	0
d2_20	3.20181e-06	0	1.82143e-05	2.84605e-06	2.23467e-05	1.4415e-05	2.80332e-05	2.7888e-06	4.31685e-06	2.83778e-05	3.83332e-07	0	9.59296e-06	0.00770165	1.36254e-05	0.000287642	7.11514e-07	0	2.41642e-05	0.00120302	4.69991e-06	1.91966e-05	0	0	0	0	0	0	0	0	0	0	0	0	0	0	0	0	0	0	0	0	0	0	0	0	0	0	0	0	0	0	0	0	0	0	0	0	0	0	0	0	0
d2_21	1.25922e-05	0	0	3.65304e-06	0	9.66668e-06	5.32579e-05	5.76381e-05	0	0.000241935	1.08546e-05	1.26722e-06	0.000440118	0.000456231	2.65395e-06	0.000282366	2.29764e-06	1.42861e-05	4.57655e-05	1.24862e-05	0.00123754	0	1.81839e-05	0.000846344	0	3.68196e-05	0.00145241	0	0.00083971	0	0	0	0	0	0	3.20477e-06	0	0	0	0	0	0	0	0	0	0	0	0	0	0	0	0	0	0	0	0	0	0	0	0	0	0	0
d2_22	0	2.84605e-06	0	0	1.27776e-05	4.55987e-06	3.90633e-06	7.2842e-07	0	0.000201944	0.000441608	3.91333e-06	2.75111e-05	4.28853e-05	3.79272e-05	9.70114e-06	0.0062613	0.00627622	6.14765e-06	0	0	8.2582e-06	0	0	0	0	1.20937e-05	0	2.16486e-05	0	0	0	0	0	0	1.07031e-05	0	0	0	0	0	0	0	0	0	0	0	0	0	0	0	0	0	0	0	0	0	0	0	0	0	0	0
d2_23	0	0	0	0	0	0	6.862e-06	0	3.34875e-06	1.90271e-05	0	0.00684331	1.49928e-06	0	3.38527e-06	2.33401e-05	4.2942e-05	0.00147953	0.00125958	0.00148021	1.61191e-05	0.00148756	0	0.00042776	8.69175e-06	8.73051e-06	0	1.18246e-05	7.11514e-07	0	9.01427e-06	0	0	0	0	0	0	0	0	0	1.15352e-05	0	0	0	0	0	0	0	0	0	0	0	0	0	0	0	0	0	0	0	0	0	0
d2_24	3.55757e-06	7.11514e-07	0.000290138	1.42303e-06	3.91333e-06	2.36639e-06	0	9.55141e-07	0	1.60091e-05	1.6684e-05	0	0	5.33092e-05	0	0.0055844	0.00719268	0	0	3.4167e-05	2.13454e-06	1.33331e-05	0	3.89202e-06	2.38025e-05	0.00119366	0.00163125	7.1962e-06	0	0	1.30148e-05	0.000423134	0	0	0	0	0	0	1.03224e-05	0	0	0	0	0	0	0	0	0	0	0	0	0	0	0	0	0	0	0	0	0	0	0	0
d2_25	3.20181e-06	7.94871e-05	0	9.17851e-06	1.4288e-05	0	0	0.00231639	0	8.53055e-06	0	0.000411476	9.68335e-06	3.99813e-06	3.76931e-05	0.00164435	7.40914e-06	0	1.14036e-05	0	1.27063e-05	2.36608e-06	0.000856661	1.24693e-06	0.00560302	0.000436689	0	0.000406886	0	1.81732e-05	0	8.99735e-06	8.78172e-06	0	0	0	0	0.000425213	0	0	0	0	0	0	0	0	0	0	0	0	0	0	0	0	0	0	0	0	0	0	0	0	0
d2_26	0	0	0	2.84605e-06	0	1.50342e-05	1.52091e-05	0.00560654	2.4903e-06	0.00557044	0	3.46632e-06	0.00087006	0.00146006	0	0	1.4238e-06	0.000795777	0.000800886	0.00147693	0	2.47234e-06	9.30227e-06	0	0.00147924	2.60988e-05	5.34864e-05	0	0	0	0	0	0	0	0	0	8.92317e-06	0	1.28767e-05	0	0	0	0	0	0	0	0	0	0	0	0	0	0	0	0	0	0	0	0	0	0	0	0
d2_27	0	0	0	0.00121211	0	3.20181e-06	1.42303e-06	4.62484e-06	0.000439262	5.5504e-05	0	7.61942e-06	0	1.66711e-05	0.00121733	4.62484e-06	1.06727e-06	9.20837e-06	0.000697893	0	2.04031e-05	3.40439e-05	0.00636621	0	0	0.00146085	0	0	0	0	0	0	0	0.000795777	0	2.26706e-05	0	0	0	0.00639968	0	0	0	0	0	0	0	0	0	0	0	0	0	0	0	0	0	0	0	0	0	0	0
d2_28	0	0	0	4.26908e-06	0	3.55757e-06	1.372e-05	9.10328e-06	0	0.000438069	2.80247e-05	0	0	1.25379e-05	0.00684114	0	0	1.06727e-06	0	0.000272044	6.0473e-06	0	0.000416983	0	3.9627e-05	0.00119366	3.09511e-05	1.86857e-05	0	0	0	0.000418207	0	1.71194e-05	0	0	0	0	2.83628e-05	0	0	0	0	0	0	0	0	0	0	0	0	0	0	0	0	0	0	0	0	0	0	0	0
d2_29	0	0	0	0	0	0	2.46452e-05	4.9806e-06	0	4.38022e-06	0	5.97323e-06	0	0	4.05198e-05	0	0.00122267	0	0.00123953	0	4.6702e-05	0	0	0.000795777	0	0	3.73173e-06	4.14525e-06	0.000837731	0	2.75237e-05	1.69598e-05	0	0	0.000827554	0	0	0	0	0	0	0	0	0	0	0	0	0	0	0	0	0	0	0	0	0	0	0	0	0	0	0	0
d2_30	0	0	0	8.84021e-06	0	0	0.000841182	0.00148024	0	0	0.00121367	1.28547e-05	2.82354e-06	4.75351e-05	0	0.000808469	0	0.00105696	0	2.57657e-06	0	0.00119368	0	0.00122872	0.00123942	0.000654297	0	0.000795777	1.44749e-06	0	1.11109e-05	0	0	0	0	0	0	0	0	0	0	0	0	0	0	0	0	0	0	0	0	0	0	0	0	0	0	0	0	0	0	0	0
d2_31	0	0	0	0	0	0	0	0	0	0	0	0	0	0	0	0.00703977	4.58913e-05	0	1.16025e-05	0	0.000690265	6.02908e-06	4.76784e-07	0.000795777	0.00187119	1.70716e-06	0	2.39248e-05	0.000828281	0	0.00290842	0	0	0	0	0	0	0	0	0	6.26704e-06	0	0	0	0	0	0	0	0	0	0	0	0	0	0	0	0	0	0	0	0	0	0
d2_32	0	1.98968e-05	0	0	0	0.000397888	0	1.42303e-06	2.84605e-06	0.00625042	0	0	9.44129e-07	0.000427391	0	8.22611e-06	0	0	1.79846e-05	0	0.00557044	0	0.000397888	0	0	0.00080324	0	0	0	0	0	0	8.97966e-06	0	0	0	0	0	0	0	0	0	0	0	0	0	0	0	0	0	0	0	0	0	0	0	0	0	0	0	0	0	0
d2_33	0	0	0	0	0	0	1.06727e-06	6.87793e-06	1.67028e-05	0	2.32093e-05	0	0	0	0	0	0.00705965	0.000452845	0.000827156	0	5.44763e-06	0.00703542	0.000795777	0	5.89909e-06	0	0	1.94114e-06	0.00557044	0	0	0	0	0	0	0	0.000656385	0.000270559	0	0	0	0	0	0	0.0062354	0	0	0	0	0	0	0	0	0	0	0	0	0	0	0	0	0	0
d2_34	0	0	0	0	7.11514e-07	0	0	2.36168e-05	0	0	0	2.13454e-06	0	0	0	0	0.00645383	1.42303e-06	0	0	0	0	0.00162071	1.50941e-05	7.71208e-06	0	0	0	0	0	3.23901e-05	0	0	0	0	0	0	0	0	0	0	0	0	0	0	0	0	0	0	0	0	0	0	0	0	0	0	0	0	0	0	0	0
d2_35	0	0	0	0	0	0	0	0	0	0	0	0	0	4.8506e-06	0	2.28166e-05	0	0	2.4903e-06	7.11514e-07	0	0	0	0.00637105	0.00676472	0	0	7.03107e-06	0	0	0.00676536	0	0.00624564	1.317e-05	0.000833486	0	0	0	0	0	0.000417429	0	0	0	0	0	0	0	0	0	0	0	0	0	0	0	0	0	0	0	0	0	0
d2_36	0	0	0	0	0	0	0	0	0	0	0	0	0	0	7.11514e-07	1.99186e-05	0	9.42509e-06	0	6.185e-05	0.000424287	1.56414e-05	0	0	0	0	0	0	0	0.000249852	0.00596832	0.00559784	0	0	0	0	0	0	0	0	0	0	0	0	0	0	0	0	0	0	0	0	0	0	0	0	0	0	0	0	0	0	0
d2_37	0	0	0	0	0	0	0	0	6.91398e-06	0	0	0	0	0	3.03496e-06	0	2.55906e-05	0	0	1.40445e-06	0	0.00701057	5.38974e-06	0	2.80122e-05	0	2.63362e-05	0.000441861	0	0.000403847	0	0	0	0	0	0	0	1.09036e-06	0.00558441	0	0	0	0	0	0	0	0	0	0	0	0	0	0	0	0	0	0	0	0	0	0	0	0
d2_38	0	0	0	0	0	0	0	0	0	0	0	0	3.72419e-05	0	4.58109e-06	0	0	4.1541e-06	0	0	0	0	0	0	0.000809957	1.90766e-05	6.1411e-06	0	0	0	0	0	0.000826726	0	0	0	8.5476e-06	0.000421995	0	0.000273396	0	0	0	0	0	0	0	0	0	0	0	0	0	0	0	0	0	0	0	0	0	0	0
d2_39	0	0	0	0	0	0	0	0	0	0.000795777	1.71784e-05	0	0	7.87868e-06	0	0	0	0	0	7.5961e-06	0	6.93523e-06	0.000795777	0	0.000817131	0	2.0333e-05	0	0	0	0	0	0	0	0	0	0	0	0.000260669	0	0	0	0	0	1.28273e-05	0	0	0	0	0	0	0	0	0	0	0	0	0	0	0	0	0	0
d2_40	0	0	0	0	0	0	0	0	0	0	0	0	0	0	0	0	4.26908e-06	5.07827e-06	0	0	9.98094e-06	0.000397888	0	0	0	0	0	0.00482427	0	0	0	0	0	0	2.75069e-05	0	0.000397888	0	0	0	0	0	1.22854e-05	0.000803526	0	0	0	0	0	0	0	0	0	0	0	0	0	0	0	0	0	0	0
d2_41	0	0	0	0	0	0	0	0	0	0	0	0	0	0	0	0	0	0	7.37269e-06	0	0	0	0	0	0.000795777	0	0.00146354	0	2.70644e-05	0	0.00557044	0	0	0	0	0	4.31044e-06	0	0	0.000436207	0	0	0	0	0	0	0	0	0	0	0	0	0	0	0	0	0	0	0	0	0	0	0
d2_42	0	0	0	0	0	0	0	0	1.77878e-06	0	0	0	0	0	0.000826827	0	0.00558318	0	0	0	0	0	0.00557044	0	0	0	0.00145029	0.0064153	0.00557867	0.00742359	0	0.000663197	0	0	0.00066317	0	0.00120987	0	0	0	0	3.79164e-05	0	0.000397888	0	0	0	0	0	0	0	0	0	0	0	0	0	0	0	0	0	0	0
d2_43	0	0	0	0	0	0	0	0	2.45292e-05	0	1.79275e-05	0	0	0	0	0	0	3.85668e-06	2.61167e-05	0	0	0	0	2.58159e-05	0.000823534	0	0	0	0	7.8475e-06	0.000819921	0	0	0	0	0	0	0	0.0018658	0	0	0	0	0.000182571	0	0.0014324	0	0	0	0	0	0	0	0	0	0	0	0	0	0	0	0	0
d2_44	0	0	0	0	0	0	0	0	0	0	0	0	0	0.000645641	0	0	0.000397888	0	0	0	0.000649266	0.000398805	0	0	0	0.00162305	0	0.00599314	1.37297e-05	0.00480793	0	0	0	0	0	0	0	0	0	0	0	0.00041821	0	0	0	0	0	0	0	0	0	0	0	0	0	0	0	0	0	0	0	0	0
d2_45	0	0	0	0	0	0	0	0	0	0	0	0	0	0	0	0	0	0	0	0.00121876	4.07857e-05	0	4.62484e-06	0	1.76126e-05	0	0	0	0.00081051	0	0	0	0	0	0	0	0	0	0	0	0	0	0	1.82039e-05	0	0	0	0	0	0	0	0	0	0	0	0	0	0	0	0	0	0	0
d2_46	0	0	0	0	0	0	0	0	0	0	0	0	0	0.00481733	0.00682695	7.79167e-06	0	0	0	0	0	0.00161234	0	0	0	0	1.47868e-05	3.88618e-06	0	0	0.000841767	0	0	0	0	0	0	0	1.6434e-06	0	0	0	0	0	0	0	0	0	0	0	0	0.000189891	0	0	0	6.34318e-06	0	0	0	0	0	0	0
d2_47	0	0	0	0	0	0	0	0	0	0	0	0	2.1095e-05	0	0	0	0	0	0	0	0	0	0	0	0	0.00557548	0	0	0	0.00146851	0	0	0	0	0	0	0	0	0	0.00557044	0	0	0	0	0	0	0	0	0	0	0	0	0	0	0	0	0	0	0	0	0	0	0
d2_48	0	0	0	0	0	0	0	0	0	0	0	0	0	0	0	0	0	0	0	0	0	0	0	0	0	0	0	0.000802744	0	0	0	0	0	0	0	0	0	0	0	0	5.07322e-06	0	0	0	0	0	0	0	0	0	0	0	0	0	0	0	0	0	0	0	0	0	0
d2_49	0	0	0	0	0	0	0	0	0	0	0	0	0	0	0	0	0	0	0	0	0	0	0.00676776	0	0	0.000430744	0.0048016	0	3.44339e-06	0	0	2.14245e-06	0	0	0	0	0	0	0	0	0	0	0	0	0	0	0	0	0	0	0	0	0	0	0	0	0	0	0	0	0	0	0
d2_50	0	0	0	0	0	0	0	0	0	0	0	0	0	0	0	0	0	1.3358e-05	0	0	0	0	0	6.64433e-06	0	0	0	0	0.00119366	0	0	0	0	0	0	0	0	0	0	0	0	0	0	0	0	0	0	0	0	0	0	0	0	0	0	0	0	0	0	0	0	0	0
d2_51	0	0	0	0	0	0	0	0	0	0	0	0	0	0	0	0	0	0	0	0	0	0	0	0	0	0	0	0	0	0	0	0	0	0	0	0	0	0	0	0	0	0	0	0	0	0	0	0	0	0	0	0	0	0	0	0	0	0	0	0	0	0	0
d2_52	0	0	0	0	0	0	0	0	0	0	0	0	0	0	0	0	0	0	0	0	9.60092e-06	0	0	0	0	0	0	0	0	0	0	0	0	0	0	0	0	0	0	0	0	0	0	0	0	0	0	0	0	0	0	0	0	0	0	0	0	0	0	0	0	0	0
d2_53	0	0	0	0	0	0	0	0	0	0	0	0	0	0	0	0	0	0	0	0	0	0	0	0	0	0	0	0	0	0	0	0	0.00146218	0	0	0	0	0	0	0	0	0	0	0	0	0	0	0	0	0	0	0	0	0	0	0	0	0	0	0	0	0	0
d2_54	0	0	0	0	0	0	0	0	8.13889e-06	0	0	0	0	0	0	0	0	0	0	0	0	0	0	0	0.000795777	0	0	0	0	0	0	0	0	0	0	0	1.62473e-06	0	0	0	0	0	0	0	0	0	0	0	0	0	0	0	0	0	0	0	0	0	0	0	0	0	0
d2_55	0	0	0	0	0	0	0	0	0	0	0	0	0	0	0	0	0	0	0	0	0	0	0	0	0	0	0	0	0	0	0	0	0	0	0	0	0	0	0	1.66926e-05	0	0	0	6.40487e-06	0	0	0	0	0	0	0	0	0	0	0	0	0	0	0	0	0	0	0
d2_56	0	0	0	0	0	0	0	0	0	0	0	0	0	0	0	0.00599713	0	0	0	0	0	0	0	0	0	0	0	0	0	0	0	0	0.000432191	0	0	0	0	0	0	0	0	0	0	0	0	0	0	0	0	0	0	0	0	0	0	0	0	0	0	0	0	0	0
d2_57	0	0	0	0	0	0	0	0	0	0	0	0	0	0	0	0	0	0	0	0	0	0	0	0	0	0	0	0	0	0	0	0	0	0	0	0	0	0	0	0	0	0	0	0	0	0	0	0	0	0	0	0	0	0	0	0	0	0	0	0	0	0	0
d2_58	0	0	0	0	0	0	0	0	0	0	0	0	0	0	0	0	0	0	0	0	0	0	0	0	0	0	0	0	0	0	0	0	0.000795777	0	0	0	0	0	0	0	0	0	1.05993e-05	0	0.00121464	0	0	0	0	0	0	0	0	0	0	0	0	0	0	0	0	0	0
d2_59	0	0	0	0	0	0	0	0	0	0	0	0	0	0	0	0	0	0	0	0	0	0	0	0	0	0.00621612	0	0	0	0	0	0	0	0.00080655	0	0	0	0.000798	0	0	0	0	0	0	0	0	0	0	0	0	0	0.000417413	0	0	0	0	0	0	0	0	0	0	0
d2_60	0	0	0	0	0	0	0	0	0	0	0	0	0	0	0	0	0	0	0	0	0	0	0	0	0	0	0	0	0	0	0	0	0	0	0	0	0	0	0	0	0	0	0	0	0	0	0	0	0	0	0	0	0	0	0	0	0	0	0	0	0	0	0
d2_61	0	0	0	0	0	0	0	0	0	0	0	0	0	0	0	0	0	0	0	0	0	0	0	0	0	0	0	0	0	0	0	0	0	0	0	0	1.31135e-06	0	0	0	0	3.56157e-06	0	0	0	0	0	0	0	0	0	0	0	0	0	0	0	0	0	0	0	0	0
d2_62	0	0	0	0	0	0	0	0	0	0	0	0	0	0	0	0	0	0	0	0	0	0	0	0	0	0	0	0	0	0	0	0	0	0	0	0	0	0	0	0	0	0	0	0	0	0	0	0	0	0	0	0	0	0	0	0	0	0	0	0	0	0	0
d2_63	0	0	0	0	0	0	0	0	0	0	0	0	0	0	0	0	0	0	0	0	0	0	0	0	0	0	0	0	0	0	0	0	0	0	0	0	0	0	0	0	0	0	0	0	0	0	0	0	0	0	0	0.000795777	0	0	0	0	0	0	0	0	0	0	0
d2_64	0	0	0	0	0	0	0	0	0	0	0	0	0	0	0	0	0	0	0	0	0	0	0	0	0	0	0	0	0	0	0	0	0	0	0	0	0	0	0	0	0	0	0	0	0	0	0	0	0	0	0	0	0	0	0	0	0	0	0	0	0	0	0
d2_65	0	0	0	0	0	0	0	0	0	0	0	0	0	0	0	0	0	0	0	0	0	0	0	0	0	0	0	0	0	0	0	0	0	0	0	0	0	0	0	0	0	0	0	0	0	0	0	0	0	0	0	0	0	0	0	0	0	0	0	0	0	0	0
d2_66	0	0	0	0	0	0	0	0	0	0	0	0	0	0	0	0	0	0	0	0	0	0	0	0	0	0	0	0	0	0	0	0	0	1.56935e-05	0	0	0	0	0	0	0	0	0	0	0	0	0	0	0	0	0	0	0	0	0	0	0	0	0	0	0	0	0
d2_67	0	0	0	0	0	0	0	0	0	0	0	0	0	0	0	0	0	0	0	0	0	0	0	0	0	0	0	0	0	0	0	0	0	0	0	0	0	0	0	0	0	0	0	0	0	0	0	0	0	0	0	0	0	0	0	0	0	0	0	0	0	0	0
d2_68	0	0	0	0	0	0	0	0	0	0	0	0	0	0	0	0	0	0	0	0	0	0	0	0	0	0	0	0	0	0	0	0	0	0	0	0	0	0	0	0	0	0	0	0	0	0	0	0	0	0	0	0	0	0	0	0	0	0	0	0	0	0	0
d2_69	0	0	0	0	0	0	0	0	0	0	0	0	0	0	0	0	0	0	0	0	0	0	0	0	0	0	0	0	0	0	0	0	0	0	0	0	0	0	0	0	0	0	2.82739e-06	0	0	0	0	0	0	0	0	0	0	0	0	0	0	0	0	0	0	0	0
d2_70	0	0	0	0	0	0	0	0	0	0	0	0	0	0	0	0	0	0	0	0	0	0	0	0	0	0	0	0	0	0	0	0	0	0	0	0	0	0	0	0	0	0	0	0	0	0	0	0	0	0	0	0	0	0	0	0	0	0	0	0	0	0	0
d2_71	0	0	0	0	0	0	0	0	0	0	0	0	0	0	0	0	0	0	0	0	0	0	0	0	0	0	0	0	0	0	0	0	0	0	0	0	0	0	0	0	0	0	0	0	0	0	0	0	0	0	0	0	0	0	0	0	0	0	0	0	0	0	0
d2_72	0	0	0	0	0	0	0	0	0	0	0	0	0	0	0	0	0	0	0	0	0	0	0	0	0	0	0	0	0	0	0	0	0	0	0	0	0	0	0	0	0	0	0	0	0	0	0	0	0	0	0	0	0	0	0	0	0	0	0	0	0	0	0
d2_73	0	0	0	0	0	0	0	0	0	0	0	0	0	0	0	0	0	0	0	0	0	0	0	0	0	0	0	0	0	0	0	0	0	0	0	0	0	0	0	0	0	0	0	0	0	0	0	0	0	0	0	0	0	0	0	0	0	0	0	0	0	0	0
d2_74	0	0	0	0	0	0	0	0	0	0	0	0	0	0	0	0	0	0	0	0	0	0	0	0	0	0	0	0	0	0	0	0	0	0	0	0	0	0	0	0	0	0	0	0	0	0	0	0	0	0	0	0	0	0	0	0	0	0	0	0	0	0	0
d2_75	0	0	0	0	0	0	0	0	0	0	0	0	0	0	0	0	0	0	0	0	0	0	0	0	0	0	0	0	0	0	0	0	0	0	0	0	0	0	0	0	0	0	0	0	0	0	0	0	0	0	0	0	0	0	0	0	0	0	0	0	0	0	0
d2_76	0	0	0	0	0	0	0	0	0	0	0	0	0	0	0	0	0	0	0	0	0	0	0	0	0	0	0	0	0	0	0	0	0	0	0	0	0	0	0	0	0	0	0	0	0	0	0	0	0	0	0	0	0	0	0	0	0	0	0	0	0	0	0
d2_77	0	0	0	0	0	0	0	0	0	0	0	0	0	0	0	0	0	0	0	0	0	0	0	0	0	0	0	0	0	0	0	0	0	0	0	0	0	0	0	0	0	0	0	0	0	0	0	0	0	0	0	0	0	0	0	0	0	0	0	0	0	0	0
d2_78	0	0	0	0	0	0	0	0	0	0	0	0	0	0	0	0	0	0	0	0	0	0	0	0	0	0	0	0	0	0	0	0	0	0	0	0	0	0	0	0	0	0	0	0	0	0	0	0	0	0	0	0	0	0	0	0	0	0	0	0	0	0	0
d2_79	0	0	0	0	0	0	0	0	0	0	0	0	0	0	0	0	0	0	0	0	0	0	0	0	0	0	0	0	0	0	0	0	0	0	0	0	0	0	0	0	0	0	0	0	0	0	0	0	0	0	0	0	0	0	0	0	0	0	0	0	0	0	0
d2_80	0	0	0	0	0	0	0	0	0	0	0	0	0	0	0	0	0	0	0	0	0	0	0	0	0	0	0	0	0	0	0	0	0	0	0	0	0	0	0	0	0	0	0	0	0	0	0	0	0	0	0	0	0	0	0	0	0	0	0	0	0	0	0
d2_81	0	0	0	0	0	0	0	0	0	0	0	0	0	0	0	0	0	0	0	0	0	0	0	0	0	0	0	0	0	0	0	0	0	0	0	0	0	0	0	0	0	0	0	0	0	0	0	0	0	0	0	0	0	0	0	0	0	0	0	0	0	0	0
d2_82	0	0	0	0	0	0	0	0	0	0	0	0	0	0	0	0	0	0	0	0	0	0	0	0	0	0	0	0	0	0	0	0	0	0	0	0	0	0	0	0	0	0	0	0	0	0	0	0	0	0	0	0	0	0	0	0	0	0	0	0	0	0	0
d2_83	0	0	0	0	0	0	0	0	0	0	0	0	0	0	0	0	0	0	0	0	0	0	0	0	0	0	0	0	0	0	0	0	0	0	0	0	0	0	0	0	0	0	0	0	0	0	0	0	0	0	0	0	0	0	0	0	0	0	0	0	0	0	0
d2_84	0	0	0	0	0	0	0	0	0	0	0	0	0	0	0	0	0	0	0	0	0	0	0	0	0	0	0	0	0	0	0	0	0	0	0	0	0	0	0	0	0	0	0	0	0	0	0	0	0	0	0	0	0	0	0	0	0	0	0	0	0	0	0
