	d0_0	d0_1	d0_2	d0_3	d0_4	d0_5	d0_6	d0_7	d0_8	d0_9	d0_10	d0_11	d0_12	d0_13	d0_14	d0_15	d0_16	d0_17	d0_18	d0_19	d0_20	d0_21	d0_22	d0_23	d0_24	d0_25	d0_26	d0_27	d0_28	d0_29	d0_30	d0_31	d0_32	d0_33	d0_34	d0_35	d0_36	d0_37	d0_38	d0_39	d0_40	d0_41	d0_42	d0_43	d0_44	d0_45	d0_46	d0_47	d0_48	d0_49	d0_50	d0_51	d0_52	d0_53	d0_54	d0_55	d0_56	d0_57	d0_58	d0_59	d0_60	d0_61	d0_62	d0_63	d0_64	d0_65	d0_66	d0_67	d0_68	d0_69	d0_70	d0_71	d0_72	d0_73	d0_74	d0_75	d0_76	d0_77	d0_78	d0_79	d0_80	d0_81	d0_82	d0_83	d0_84	d0_85	d0_86	d0_87	d0_88	d0_89	d0_90	d0_91	d0_92	d0_93	d0_94	d0_95	d0_96	d0_97	d0_98	d0_99	d0_100	d0_101
d2_0	0	0.132519	0.0347959	0.025879	0.00662993	0.0102089	0.00806932	0.0037111	0.00229797	0.00215212	0.00943674	0.00663373	0.0027614	0.00309298	0.00444343	0.00162373	0.0033774	0.00164185	0.00647204	0.00093903	0.00134832	0.00629785	0.000403276	0.00467084	0.000666588	0.0012737	6.98852e-05	0.000740725	0.0001132	0.000784098	4.64997e-05	0.00073133	0.000270516	3.21331e-05	0.000712328	2.34372e-05	0.00519608	0.00465221	0.00104345	0.000377992	2.3049e-05	0.00565229	1.97103e-05	0	0.000695362	0.00462606	1.5387e-05	0.00067086	0.00055493	0	0	0	0.000869914	0	0	0	0	0	0	0	2.06078e-05	0	0	0	0	0	0	0	0	0	0	0	0	0	0	0	0	0	0	0	0	0	0	0	0	0	0	0	0	0	0	0	0	0	0	0	0	0	0	0	0	0
d2_1	0.0601366	5.35831e-06	5.95084e-06	3.04558e-05	3.6489e-05	0	1.26945e-05	2.6971e-06	4.8761e-05	6.53054e-06	3.22279e-06	0.0010091	1.92529e-05	5.15271e-06	2.06013e-05	1.06558e-06	1.59138e-05	1.19015e-06	1.05485e-05	0.000366144	0	0	0	0	9.18152e-06	0.00464992	0	6.44047e-06	0	0	0	0	0	0	2.09239e-06	0	0	0	0	0	0	0	0	0	0	0	0	0	0	0	0	0	0	0	0	0	0	0	0	0	0	0	0	0	0	0	0	0	0	0	0	0	0	0	0	0	0	0	0	0	0	0	0	0	0	0	0	0	0	0	0	0	0	0	0	0	0	0	0	0	0	0
d2_2	0.0296768	2.2351e-05	3.54694e-05	4.8681e-05	2.97917e-05	0.000700681	2.79425e-05	1.23029e-05	2.17179e-05	1.8457e-05	0.000600601	2.70714e-05	2.04687e-05	0.00056806	1.46506e-05	6.83347e-06	0	2.85884e-05	0.000364768	0.000675613	3.74157e-05	0	0	0	0.000662288	0.00462697	1.84901e-05	5.92162e-06	4.40481e-05	0	0.000667038	0	0	0	1.3603e-05	0	0	0.00121797	0	1.55556e-05	0	0	0	0	0	0	0	9.84073e-06	0	0	0	0	0	2.01014e-06	0	0	0	0	0	0	0	0.00463363	0	0	0	0	0	0	0	0	0	0	0	0	0	0	0	0	0	0	0	0.000348022	0	0.000660866	0	0	0	0	0	0	0	0	0	0	0	0	0	0	0	0	0	0
d2_3	0.0115346	0.00963811	3.63852e-05	3.82286e-05	2.03341e-05	7.71222e-06	1.4132e-05	1.31141e-05	1.47593e-05	1.07595e-05	1.91875e-06	0.000693853	0.000666083	4.45591e-06	1.74402e-05	2.04774e-05	0	0	1.07322e-05	0.000558732	0	0	2.84999e-06	5.76437e-06	0	1.45848e-05	0	0	0.00466475	0	0	0.00518594	4.89777e-06	0.000681954	0	0	0	0	0	0	0	1.31036e-05	1.92638e-06	7.38996e-06	0	0	0	0	0	0	0	0	0	0	0	0	0	0	0	0	0	0	1.86905e-06	0	0	0	0	0	0	0	0	0	0	0	0	0	0	0	0	0	0	0	0	0	0	0	0	0	0	0	0	0	0	0	0	0	0	0	0	0	0	0
d2_4	0.00744262	1.58205e-05	2.0862e-05	1.08178e-05	1.83308e-06	7.0947e-06	1.19113e-05	2.02186e-05	0.0009913	3.23729e-05	0	1.0539e-06	0.00100591	8.84153e-06	3.21221e-07	3.47979e-06	0.000226098	3.22487e-05	0.00100023	0	1.56793e-06	0.000698048	0	2.18822e-06	1.40469e-05	2.19168e-05	1.41591e-06	0	0	0.000660897	3.39878e-06	0	1.24144e-06	0	0	0	0	0	0	6.57271e-06	0	0	0	0	0	0.00398364	0	0.000684452	0	0	0	0	0	0	0	0	0	0	0	0	0	0	0	0	0	0	0	0	0	0	0	0	0	0	0	0	0	0	0	0	0	0	0	0	0	0	0	0	0	0	0	0	0	0	0	0	0	0	0	0	0	0
d2_5	0.00442677	2.34097e-05	2.8592e-06	2.82024e-05	5.86916e-06	2.85824e-07	3.47252e-05	3.93068e-05	2.11687e-06	2.65777e-06	7.20886e-07	3.37596e-05	2.51259e-05	1.42572e-05	4.58412e-06	0.000530916	1.73575e-05	0	1.64668e-05	0	2.23232e-05	1.52569e-06	7.69422e-06	0.00102346	1.84209e-05	0	0.0010122	0	0.000684523	0	3.51977e-06	0	0	2.47431e-05	0	2.72039e-06	0	0	0	0	4.60529e-06	2.22629e-05	0	0	0	0	0	0	0	0	0	0	0	0	0	0	0	0	0	0	0	0	0	0	0	1.92709e-06	0	0	0	0	0	0	0	0	0	0	0	0	0	0	0	0	0	0	0	0	0	0	0	0	0	0	0	0	0	0	0	0	0	0	0	0
d2_6	0.00395234	5.47878e-06	3.32283e-05	1.23233e-05	2.18065e-05	0.00036405	3.55362e-05	0.000693845	5.48412e-06	1.00179e-06	0	2.18181e-05	0	0	7.58356e-06	8.08595e-06	3.36112e-06	0	1.68829e-05	9.76696e-07	3.05133e-05	0	6.3751e-07	4.70962e-06	0	0.000662873	1.04987e-06	0.000459669	0	6.86928e-06	0	2.45151e-06	0	1.04699e-06	0	0	0	0	0	0	0	0	0.000532764	0.0009913	2.56943e-05	0	0	0	0	0	0	0	0	0	0	0	0	0	0	0	0	0	0	0	0	0	0	0	0	0	0	0	0	0	0	0	0	0	0	0	0	0	0	0	0	0	0	0	0	0	0	0	0	0	0	0	0	0	0	0	0	0
d2_7	0.00279733	3.7206e-05	7.75087e-06	1.12221e-05	0	1.02492e-05	0.00103381	0.0051788	0	0	3.34652e-05	6.50067e-06	1.95035e-05	3.66724e-06	1.8376e-06	1.2859e-05	0	0	1.69954e-05	0	7.03284e-06	2.01482e-05	2.41428e-05	8.90699e-08	2.98524e-05	0.00496513	0	2.74456e-06	0	0	0	2.22513e-05	0	0	0	5.87016e-06	0	0	3.41547e-06	0.000660866	0	0	0	1.81213e-05	0.00100384	0	0	0	0	0	2.22041e-06	0	0	0	1.36318e-05	0	0	0	1.4624e-05	0	0	0	0	0	0	0	0	0	0	0	0	0	0	0	0	0	0	0	2.33821e-06	0	0	0	0	0.00100777	0	0	0	0	0	0	0	0	0	0	0	0	0	0	0	0	0	0
d2_8	0.0016584	6.77432e-06	0.000602677	7.20178e-07	0	1.01765e-05	3.70165e-06	0	1.20789e-05	2.4536e-05	4.37026e-06	0	0	0	0	3.09874e-06	1.0771e-05	1.62759e-05	7.98476e-06	0	0	0	0.000344628	0.00462606	0	0	1.38263e-06	2.58474e-06	0	1.68116e-05	0	0	0.000334008	8.86539e-06	0	0	0	0	0	0	0	3.70807e-07	0	0	0	0	0	0	0	0	0	0	0	0	0	0	0	0	0	0	0.000660866	0	0	0	0	0	0	0	0	0	0	0	0	0	0	0	0	0	0	0	0	0	0	0	0	0	0	0	0	0	0	0	0	0	0	0	0	0	0	0	0	0
d2_9	0.0018459	1.0326e-05	2.48508e-05	2.31368e-05	1.33162e-05	3.41656e-06	0.000795982	1.16896e-05	3.57837e-05	0	0	9.72412e-06	0.00497852	5.48778e-05	2.74228e-05	0	4.44681e-08	0	3.01826e-05	4.05256e-06	0.000364729	0	0.00121058	0	0	6.4188e-05	0.000666408	0	0	0	6.821e-06	4.4996e-06	0	0	1.27513e-06	0	0	1.15521e-06	1.01735e-05	0.000670596	0	6.96315e-06	0	1.6884e-05	0	2.22982e-06	0	0	0	0	0	0	1.50844e-05	2.0149e-06	0	0	0	0	0	0	0	0	0	0	0	0	0	0	0	0	0	0	0	0	0	0	0	0	0	0	0	0	0	0	0	0	0	0	0	0	0	0	0	0	0	0	0	0	0	0	0	0
d2_10	0.00200818	0.00123537	0	1.82016e-05	0	0	2.83971e-05	1.00689e-05	0.000560621	5.58959e-06	2.55172e-05	0.00467116	0	0	6.16554e-06	0.000368482	0	2.61947e-05	6.39161e-06	0	1.43306e-05	0.00865197	0	2.86145e-06	0	0.000229756	6.81427e-06	2.03065e-05	0	0	0	0	0.00037096	2.03222e-05	0	0	1.19258e-06	0	0	0	7.30063e-07	0.00100569	0	0	0	0	0.00120599	0	0	0	0	0	0	0	0	0	0	0	0	0	0.00462606	0	0	0	0	0	0	0	0	0	0	0	0	0	0	0	0	0	0	0	0	0	0	0	0	0	0	0	0	0	0	0	0	0	0	0	0	0	0	0	0	0
d2_11	0.000673374	2.51976e-05	0	0	2.44605e-05	0	0.00154723	3.06299e-05	1.22253e-07	0	1.41018e-05	5.98613e-06	0	1.0673e-05	6.49456e-06	0.00466836	0.00497039	0	3.19423e-06	0	0	0	0	0	0	0	0	0	0	0	0	0	0	2.11495e-05	0	0	0	0	0	0	0	4.82202e-06	0	0	0	0	0	0	0	0	0	0	0	0.000675943	0	0	0	0	0	0	0	0	0	0	0	0	0	0	0	0	0	0	0	0	0	0	0	0	0	0	0	0	0	0	0	0	0	0	0	0	0	0	0	0	0	0.000997182	0	0	0	0	0	0
d2_12	0.00056118	1.75274e-05	3.70553e-06	1.06643e-05	1.13565e-05	8.36173e-06	0.00501637	0	6.0131e-06	0	0	0	0	0	2.98125e-07	1.09392e-05	0	0	0	0	3.12388e-06	0	0	0	0	5.46135e-06	0	0	1.36666e-06	0	2.14709e-05	0	0	0	0	0.000552516	0	0	0	0	0	0	1.64299e-05	0	0	0	0	0	0	0	0	0	0	0	0	0	1.71637e-05	0	0	0	0	0	0	0	0	0	0	0	0	0	0	0	0	0	0	0	0	0	0	0	0	0	0	0	0	0	0	0	0	0	0	0	0	0	0	0	0	0	0	0	0	0
d2_13	0.000845131	6.94427e-05	1.04033e-05	0.00530239	1.74745e-05	9.25232e-07	2.9194e-05	2.5464e-06	0.000564422	7.39205e-06	0.00466301	0.00499068	0.000366125	1.31771e-05	0	9.32125e-06	1.41927e-06	0	0.000660866	0.00145642	0	5.76813e-06	0.00502547	0	7.14644e-06	0.00463273	0	0	0	0	0	0	0	0	1.25747e-05	0	0	0	0	0	0	0	0	0	0	0	0	0	0	0	0	0	0	0	0	0	0	0	0	0	0	0	0	0	0	0	0	0	0	0	0	0	0	0	0	0	0	0	0	0	0	0	0	0	0	0	0	0	0	0	0	0	0	0	0	0	0	0	0	0	0	0
d2_14	0.000472317	8.60391e-06	1.42454e-06	7.15003e-06	2.30517e-06	1.83437e-05	6.67921e-06	9.40626e-06	3.46649e-05	0.00122687	2.80882e-05	0.000566811	4.3297e-06	0	8.28488e-06	5.62887e-07	0.000197876	0	3.06349e-06	3.16296e-06	1.46098e-05	2.37353e-05	0.00055869	5.21084e-07	0	1.22756e-05	2.45845e-06	0	6.74728e-06	0	0	0	0.000662526	0.00398084	0	0	0	0	0	0	0	0	0	1.35468e-05	0	0	0	0	0	0	0	0.000660866	0	0	0	0	0	0	0	0	0	0	0	0	0	0	0	0	0	0	0	0	0	0	0	0	0	0	0	0	0	0	0	0	0	0	0	0	0	0.00462606	0.000340036	0	0	0	0	0	0	0	0	0	0	0
d2_15	0.000433583	0.00122006	7.31534e-06	0	6.02915e-06	0	0.000330433	0.00131409	0	1.87414e-06	0	3.03705e-06	7.82676e-06	0.00066285	0.00464732	0.000560664	0	3.95969e-06	0.000919868	1.57087e-05	0.000235201	0.000354601	0	0	1.7083e-05	0	0.00464231	0.00100807	0	2.5143e-05	0	0	0	0	0	1.63698e-05	0	0.000222798	6.36382e-06	0	0	0.00034742	0	0	0	0.000330433	0.00462606	0	0	0	0	0	0	0	0	0	0	0	0	0	0	0	0	0	0	0	0	0	0	0	0	0	0	0	0	0	0	0	0	0	0	0	0	0	0	0	0	0	0	0	0	0	0	0	0	0	0	0	0	0	0	0
d2_16	0.00112304	2.93777e-05	9.94932e-06	1.25998e-05	1.25241e-06	3.11677e-05	0.0049861	6.21254e-07	0	5.70417e-05	2.36338e-05	0	7.57383e-06	1.1276e-07	1.33371e-06	2.08444e-06	3.99261e-07	3.98122e-06	4.74885e-06	3.2972e-05	1.12309e-05	0	0	0	0	0	3.83515e-06	0	0	0	6.37653e-06	1.24104e-05	0	0.00398116	0	0	0	2.82166e-05	0	0	0	0	1.10339e-05	0	0	0	0	0	0	0	0	0	0	3.50837e-06	0	4.16741e-06	0	0	0	0	0	0	0	0	0	0	0	0	0	0	0	0	0	0	0	0	0	0	0	0	0	0	0	0.000661882	0	0	0	0	0	0	0	0	0	0	0	0	0	0	0	0	0	0
d2_17	0.00138096	6.7929e-06	2.85426e-05	0	9.30679e-06	0	0.000225698	0	0	0	1.3979e-05	6.77163e-05	8.72939e-06	1.6267e-05	0	0.000332383	0	0.0049565	0.000330481	0	0.00119282	0	0.00121106	7.81341e-06	0	0	0.000998854	3.66607e-06	0	0	7.61038e-06	5.63705e-06	0.00518081	0	0.000684301	0	0	0.000660866	0.000999846	0.000219243	0	0	0	0	0	0	0	0.000660866	0	0	0	0	0	0	0	0	0	0	0	0	0	0	0	0	0	0	0	0	0	0	0	0	0	0	0	0	0	0	0	0	0	0	0	0	0	0	0	0	0	0	0	0	0	0	0	0	0	0	0	0	0	0
d2_18	0.00142734	2.97666e-06	2.25857e-06	6.45887e-06	1.02352e-05	2.59829e-05	3.59911e-06	0.000698983	0	3.84503e-06	0	5.68286e-07	1.52438e-06	0	2.76988e-07	0	0	0.00463198	6.6656e-06	7.62058e-07	0	2.88116e-05	7.85226e-06	4.36499e-07	0	3.75217e-06	0	5.36069e-06	3.05596e-06	0	2.12911e-05	0	0	4.469e-07	1.47928e-05	0	0	0.000154213	1.69865e-06	0	1.60227e-05	0	0	0	0	4.07913e-06	0.00067583	0	0	0.00100233	0	2.06834e-06	0	0	0	0	0.00119545	0.000539485	0	0	0	0.00462606	0	0	0	6.73902e-06	0	0	0	0	0	0	0	0	0	0	0.00464735	0	0	0	0	0	0	0	0	0	0	0	0	0	0	0	0	0	0	0	0	0	0	0	0	0
d2_19	0.001263	3.87175e-07	7.17965e-06	1.34166e-06	0	2.61555e-05	2.40431e-05	1.69973e-05	0.00020802	1.10895e-05	1.77675e-05	1.18063e-05	0	4.32192e-08	1.55119e-06	0	0.000212597	0.000351997	0.00101935	0	6.30546e-06	0.000330433	3.17478e-06	2.39293e-05	0	2.61876e-07	0	0	9.61269e-08	0	0.000333107	0	0	0	0	0.000360675	0.00464097	0	4.08508e-07	0.00464976	1.53744e-05	0	0	0	0	0	0	0	0	0	0	0	0	0	0	3.4466e-06	0	0	0	0.00462606	0	0.0051814	0	0	0.000997676	0	0	0	0	0.000660866	0	0	0	0	0	0	0	0	0	0	0.00068005	0	0	0	0	0	0	0	0	0	0	0	0	0	0	0	0	0	0	0	0	0
d2_20	0.000107177	5.0689e-06	0	0	2.92002e-06	0.00465403	1.39947e-05	2.64996e-05	0	1.90501e-05	0	1.52914e-05	1.13349e-05	0	0.000351889	0.0010149	2.54517e-06	0	0	0	0	0	0	0	0	0.00100272	1.58403e-06	0	0	0	0	0	0	0	0	3.06321e-06	0	0	0	0.00462606	0	0.00464308	0	0	0	0	2.15175e-05	0.00463233	0	0.000677277	0	0.000679044	0	0	0	0.000660866	0.000330433	0	0	0	0	0	0	0	0	0	0	0	0	0	0	0	5.94029e-06	0	0	0	0	0	0	0	0	0	0	0	0	0	0	0	0	0	0	0	0	0	0	0	0	0	0	0	0	0
d2_21	0.000347933	1.19747e-05	4.91036e-06	4.60093e-07	0	0.000577401	0.000660866	0	0	0.00070415	0	0	4.5859e-07	3.21517e-06	0.00462606	3.10348e-05	0.000669003	0.000343513	0	0.0049565	0	0	1.23207e-05	0	0	0.000223717	0.000994997	0	0	0.000330433	0	0.000330433	6.81338e-06	2.19449e-05	2.83586e-05	0	0.000330433	0	0	8.81639e-07	0	0	0	0	0.000211543	0	1.46696e-05	0	0	0	0	0	0	1.46914e-05	0	0	0	0	0	1.08706e-05	0	0	0	0	0	0	0	0	0	0	0	0	0	0	0	0	0	0	0	0	0	0	0	0	0	0	0	0	0	0	0	0	0	0	0	0	0	0	0	0	0	0
d2_22	5.98319e-05	9.75494e-06	2.61212e-06	0	1.28806e-06	1.13128e-05	0	0	0.000233467	7.1648e-06	2.19461e-06	0	0	1.34323e-05	0	0.00120014	3.82556e-06	7.88012e-06	0.00518876	4.93738e-06	0	0	0	0	0	0.00154437	1.56575e-06	0	0.000660866	7.19348e-06	0	0	0	0	0	0	0	0	0	0	0	0	0	0	0	0	0	0	0	0	1.77035e-05	0.000355774	0	9.38023e-06	0	0	0.000225523	0	0	0	0	0	0	0	0	0	0	0	0	0	0	0	0	0	0	0	0	0	0	0	0	0	0	0	0	0	0	0	0	0	0	0	0	0	0	0	0	0	0	0	0	0
d2_23	8.74146e-05	5.30106e-06	0.00023423	0	0	0.000666419	0	8.5003e-06	0.00134367	5.05579e-06	7.74908e-08	6.38248e-06	0	9.83108e-06	0.000572737	0	0.00066479	0	0.00464875	0	0	9.24335e-06	7.98606e-07	0	7.60057e-07	8.9387e-07	0	0	0	0	0.000660866	0	7.49855e-06	0	0	0	0	0	0	0	1.69989e-05	0	1.34114e-05	0	0	0	0	0	0	0	0	0	0.000672783	0	0	0	0.000664426	0	0	0	0	0	0	0	0	0	0.000330433	0	0	0	0	0	0	0	0	0	0	0	0.000660866	0	0	0	0	0	0	0	0	0	0	0	0	0	0	0	0	0	0	0	0	0	0	0
d2_24	0.000317399	7.67145e-07	0	0	1.39141e-05	2.36343e-05	0	0.00122261	0.000361586	3.47023e-06	0.00462606	1.82382e-05	8.76032e-06	0	0	0	0	0	0	0	0	2.2038e-05	0.00154694	0	0	0	0	1.79811e-06	0	0	9.77359e-07	0	0	0	0	0	0.00462606	0	0	0	0.00134747	0	0	0	0	1.99464e-05	0	0	0.00397534	0	2.63295e-07	0	0.0009913	0.000336375	0	0	0	0.00033294	0	0	0	0	0	0	0	0	0	0	0	0	0	0	0	0	0	0	0	0	0	0	0	0	0	0	0	0	0	0	0	0	0	0	0	0	0	0	0	0	0	0	0	0
d2_25	0.00115331	0	0	0	1.02359e-05	0.00465435	0.000696369	0	1.70863e-05	0	0	0	0	0	0	0	1.36431e-05	4.22989e-06	3.9639e-06	6.88137e-06	0	0	0	0.000230274	0	0	8.43776e-07	7.47501e-07	0	0	0	5.1745e-06	1.3872e-05	0	0.000674775	1.30851e-05	0	0	0	1.24649e-05	0	0	0	0	0.00123306	0	9.572e-06	0	0.000179151	0	0	0	0	0	0	0	0	0	0	0	0	0.0009913	0	0.000660866	0	0	0	0.00120067	0	0	0	0	0	0	0	0	1.02199e-06	0	0	0	0	0	0	0	0	0	0	0	0	0	0	0	0	0	0	0	0	0	0	0	0	0
d2_26	7.20774e-05	2.91597e-05	9.71227e-06	2.60076e-05	8.08829e-06	1.27376e-05	1.85202e-05	1.21402e-06	0	0	2.05425e-05	1.34787e-05	0	9.98779e-06	2.17557e-06	0	0.00101346	5.80695e-06	0	0.000228803	0	0	0.000346506	9.04051e-06	0	0	0	0	0.00399263	0	0	0	0	0	0	1.42374e-07	0	0	0	0	0	0	0	0	0	0	0.000660866	0	0	0	0	0	0	0	0	0.00155147	0	0	0	0	9.61509e-06	0	0	0	0	0	0	0	0	0	0	0	0	0	0	0	0	0	0	0	0	0	0	0	0	0	0	0	0	0	0	0	0	0	0	0	0	0	0	0	0	0
d2_27	0.000619586	3.15637e-05	0	0	7.38447e-07	1.56528e-05	1.73684e-05	0.0039791	0	0	4.34889e-06	0	0	0	0	0	0	0	1.15372e-05	5.52759e-07	0	0	0	0	0	0.00100321	0	1.42964e-05	0	0.00121579	5.97134e-06	0	0	0	0	0	0.000209071	0	0	1.26999e-05	0	0	6.3791e-07	1.07979e-05	0	0	0	0	0	0	0	0	0	0	0	1.75848e-05	0	0	0	0	0.00498171	0	0.000668768	0.000666959	0	0	0	0	0	0	0	0	0	0	0	0	0	0	0	0	0	0	0	0	0	0	0	0	0	0	0	0	0	0	0	0	0	0	0	0	0	0
d2_28	0.0050463	1.43925e-05	0	1.4214e-06	0	0	0	0	2.16075e-06	0	0	0	0	0	0	0	8.25776e-06	0	0	0	0.00101158	0	0	0	0	0.000660866	0	0	0	0	0	0	0	0	0	0	0	0	0	0	0	0	0	0	0	0	0.00498007	0	0	0	0	0	0	0	0	0	0	0	0	0	0	0	0	0	0	0.000669329	0	0	0	0	0	0	0	0	0	0	0	0	0	0	0	0	0	0	0	0	0	0	0	0	0	0	0	0	0	0	0	0	0	0	0	0
d2_29	1.18178e-06	0	0	0	8.16482e-06	0	0	0	0	0	0.00102463	0	0.000660866	0	0	3.21481e-05	2.17138e-07	1.52602e-05	0	0	0.000338222	0	0	7.39129e-07	1.15889e-05	0	0.00565022	1.24779e-06	2.03172e-05	0	6.94926e-07	0.000660866	0	0.00462606	0	0	0	0	0	0.00561927	0	0	0	0	0	0	0.0010023	0	0	0.000345998	0	0	0	0	0	0	0	0	0	0	0	0	0.0009913	0	0	0	0	0	0	0	0	0	0	0	0	0	6.63715e-06	0	0	0	0	0	0	0	0	0	0	0	0	0	0	0	0	0	0	0	0	0	0	0	0	0
d2_30	1.96472e-05	0	3.01757e-06	0	0	0	0	0	0	1.85085e-05	0	0	0.000333304	0	2.94597e-05	8.64911e-06	1.5132e-05	6.35621e-07	0	0.00019845	1.26006e-05	0	0	0.00119676	0	0	0	0	4.4099e-06	0	2.83995e-06	0	0	0	0	2.7333e-05	0.00035912	0	0	0	0	0	0	0	0	0	0	0	0	0	0	0	0	1.35367e-05	0	0	0	0	0	0	0	0	1.67688e-05	0	0	0	0	0	0	0	0.000680318	0	1.74656e-06	0	0	0	0	0	0	0	0	0	0	0	0	0	0	0	0	0	0	0	0	0	0	0	0	0	0	0	0	0
d2_31	4.46288e-05	2.18895e-05	0	0	0	0	0	0	5.5698e-06	0	1.44436e-06	0	0	6.6834e-07	0	0	0	1.97433e-05	0	0	0	0.000660866	0	0	0	4.18995e-06	0	0	0	0	0	0	0	0	0	0	0	0	0	0	0	2.59611e-07	0	0	0	0	0	0	1.40822e-05	1.59104e-05	0	0	0	0	0	0.00462606	0	0	0	0	0	0.00034095	0	0	0	0	0	0	0	0	0	0	0	0	0	0	0	0	0	0	0	0	0	0	0	0	0	0	0	0	0	0	0	0	0	0	0	0	0	0	0	0
d2_32	0.00521309	1.86689e-05	0	0	0	0	0	0	0	2.84147e-06	0	0	0.0005575	0	0	0	0	0	0	6.98026e-06	0	0	0	0.000350568	0	0	7.56313e-06	0	0	1.14308e-06	0	1.03164e-05	0	5.58829e-06	0	4.03608e-06	0	0	3.661e-07	0	0	3.38406e-06	5.68705e-06	0	0	4.12267e-06	0	0	0	0	7.96506e-06	0	0	0	0	3.43655e-06	0	0	0	0	0	0	0	0	0	0.0046381	0	0	0	0	0	0	0	0	0	0	0	0	0	0	0	0	0	0	0	0	0	0	0	0	0	0	0	0	0	0	0	0	0	0	0	0
d2_33	3.53376e-05	0	5.46337e-06	0	1.46054e-05	1.24783e-06	0	0	3.50618e-06	0	5.25689e-06	1.46296e-05	0	1.63875e-06	2.23751e-07	1.81496e-05	0	0	0	0.000336553	0	0	0	0	1.21806e-05	0	0.000660866	0	1.18867e-05	9.87095e-07	2.4389e-05	0	0	0.000674389	0	0	0	0.00529064	5.99382e-06	0	0	0	0.000345711	0	0	0	0	0	0	0	0	0	0	0.000666813	0	0	0	0	0	0	0	0	0	0	0	0	0	0	0	0	0	0	0	0	0	0	0	0	0	0	0	0	0	0	0	0	0	0	0	0	0	0	0	0	0	0	0	0	0	0	0	0
d2_34	0.000252283	0	0	4.34382e-06	0	0	0	0	0	9.74636e-06	0	0	0	0	0	0	0	0	0	0	0	0	0	0	0	0	0	0	0	0.00462606	0	0	0	0	0	0	1.47385e-05	0	0	0	2.17067e-06	0	0.00515931	0	0	0	0	0	0	0	0	0	0	0.000660866	0	0	0	0	0	0.000996694	0	0	0	0	0	0	0	0	0	0	0	0	0	0	0	0	0	0	0	0	0	0	0	0	0	0	0	0	0	0	0	0	0	0	0	0	0	0	0	0	0	0
d2_35	1.28956e-05	0	0	0	0	0	0	0	4.09693e-07	0	0	0	0	0	0	0.000202078	8.1866e-07	4.04525e-06	0	0	0	0	1.32421e-05	0.000698589	0	0	0	0	0	2.79146e-06	0	0	0.00464925	1.27974e-05	0	0	0	0	0	0	0	0	0	4.76991e-06	0	0	0	0.000330433	0	0	0	0	0	0.000661845	0	0	0	0	0	0	0	0	0	0	0	0	0	0	0	0	0	0	0	0	0	0.0010074	7.89451e-07	0	0	0	0	0	0	0	0	0	0	0	0	0	0	0	0	0	0	0	0	0	0	0	0	0
d2_36	2.69722e-05	2.13408e-07	3.02832e-06	0.000358643	0	1.03767e-06	0	0	0.000996754	0	0	6.37341e-06	0	1.91371e-06	0.00517708	0	0	2.19234e-06	0	0	0	0	5.51214e-07	2.03992e-05	0	0	0	0	0	0	0.00102425	0	0	0	0	0	0	0	0	0	0	0	1.58976e-05	0	0	3.1589e-06	0	0	0	0	0	2.79415e-06	0	0	0	0	0	0.00462606	0	0	1.01867e-05	0	0	0	0	0.000351306	0	0	0	0	0	0	0	0	0	0	0	0	0	0	0	0	0	0	0	0	0	0	0	0	0	0	0	0	0	0	0	0	0	0	0	0
d2_37	4.40957e-06	0	0	0	0	0	0	0	0	0	0	2.03876e-06	0	0	0	0	9.55785e-06	5.93665e-06	0	0.00101733	0	0	0	0	0	1.15255e-05	0	0	0	0	0	0	0	8.69687e-06	0.000530254	0	0	0	0	0	0	0	0	0	0	0	0	0	0	0	0	0	0	0.000535583	0	0	0	1.12752e-05	0	0	0	0	0	0	0	0	0	0	0	0	0	0	0	0	0	0	0	0	0	0	0	0	0	0	0	0	0	0	0	0	0	0	0	0	0	0	0	0	0	0	0	0
d2_38	1.84281e-05	1.89252e-05	0	0	0	0	0	0	6.52875e-06	0	0	0	0	1.72944e-06	0	0	0	0	4.44246e-06	0	0	0	4.60603e-06	0	0	0	0	0	0	0	0	0	0	0	0	0	0	0	0	0	4.98628e-06	0	0.000330433	0	0	0	0	0.00398969	0	0	0.00121171	2.85611e-06	0	0	0	0	0	0	0	0	0	0	0	0	0	0	0	0	0	0	0	0	0	0	0	0	0	0	0	0	0	0	0	0	0	0	0	0	0	0	0	0	0	0	0	0	0	0	0	0	0	0
d2_39	1.84851e-05	0	0	3.45354e-06	4.13662e-06	2.6771e-06	0	0	0	0	0	1.15799e-05	0	0	0	0	0	0	0	0	5.43053e-06	4.31879e-06	0	0.000672968	2.65538e-07	2.7708e-07	0	0	0	0	0	0	0	0	0	6.28364e-06	1.25193e-05	0	0	0	0	0	0	0.00463687	0	0	0	0	0	0	0	0	0	0	0	0	0	0	0	0	0	0	0	0	0	0	0	0	0	0	0	0	0	0	0	0	0	0	0	0	0	0	0	0	0	0	0	0	0	0	0	0	0	0	0	0	0	0	0	0	0	0
d2_40	3.5535e-05	0	0	0	1.42709e-06	3.38464e-05	0	0	3.89521e-06	0	0	0	0	6.04138e-06	0	2.80191e-05	0	0	0	0.000202843	0	0	0	0	0	0	0	0	0	0	0	0	2.59275e-05	0	0	0	0	0	0.00120695	0	4.90962e-06	0	0.00067881	0	0	0	0	0	0	0	0	0	0	0	0	0	0	0	0	0	0	0	0	0	0	0	0	0	0	0	0	0	0	0	0	0	0	0	0	0	0	0	0	0	0	0	0	0	0	0	0	0	0	0	0	0	0	0	0	0	0	0
d2_41	2.17389e-05	0	1.91462e-05	0	0	0	0	0	0	0	8.24984e-06	0	1.08186e-05	0	0	0	0	0	0.000664776	0	0	0	0	0	0	0.0049565	0	0	0	0	0	0	0.000208375	4.73709e-07	0	0	0	0	0	0	0	0	0	0.000330433	0	0	1.5195e-05	0	0	0.000331288	0	0	0	0	0	0	0	0	0	0.00462606	0	0	0	0	0	0	0	0	0	0	0	0	0	0	0	0	0	0	0	0	0	0	0	0	0	0	0	0	0	0	0	0	0	0	0	0	0	0	0	0	0	0
d2_42	2.88861e-05	0	0	0	0	0	0	0	0	0	0	0	0	0	9.24656e-07	0	0	0	0	0	0	0	0	0	0	0	0	0	3.20794e-06	0	0	2.63658e-06	0	0	0.0018651	0	0	0	7.75837e-06	0	0	0	0	0	0	0	0	0	0	0	0	0	0	0	0	0	0	0	0	0	0	0	0	0	0	0	0	0	0	0	0	0	0	0	0	0	0	0	0	0	0	0	0	0	0	0	0	0	0	0	0	0	0	0	0	0	0	0	0	0	0	0
d2_43	0	0	0	0	0	0	0	0	0	0	0	0	0	8.307e-07	0	0	0	0	0	0	0	0	8.09659e-07	0	0	0	0	0	0	4.48482e-06	0	0	0	0	0.000667622	1.06568e-05	0	0	0	2.78712e-06	0	0.00463352	0	0	0	0	0	0.000683986	0	0.000215762	0	0.000223241	0	0	0	0	0	0	0	0	0	0	0	0	0	0	0	0	0	0	0	0	0	0	0	0	0	0	0	0	0	0	0	0	0	0	0	0	0	0	0	0	0	0	0	0	0	0	0	0	0	0
d2_44	0	0	0	0.000661385	0	0	0	0	3.63808e-06	0	0	0	0	0	6.32053e-06	0	0.000216009	0	0	1.03704e-05	0	0	0	0	0	0	0	0	0	0.000680902	0	0	0	0	0	0	6.82057e-06	1.04747e-06	0	0.000155239	0	0	0	0	0	0	0	0	0	0.0046365	0	0	0	0	0	0	0	0	0	0	0	0	0	0	0	0	0	0	0	0	0	0	0	0	0	0	0	0	0	0	0	0	0	0	0	0	0	0	0	0	0	0	0	0	0	0	0	0	0	0	0	0
d2_45	1.04676e-05	6.84538e-06	0	0	0	0	0	0	0	0	0	0	0	0	0	0	1.93928e-05	0	0	0	0	0	5.15039e-06	0	0	0	0	0	0	0	0.000347086	0	0	0.000149452	0	0	0.000660866	0.000132173	0	0	0	0	0	0	0	0	0	0.000677395	0	0	0	0	0	0	0	0	0	0	0	0	0	0	0	0	0	0	0	0	0	0	0	0	0	0	0	0	0	0	0	0	0	0	0	0	0	0	0	0	0	0	0	0	0	0	0	0	0	0	0	0	0	0
d2_46	1.35651e-05	0	0	1.6551e-06	0	7.83706e-06	0	0	0	0	0	0	0	0	0	0	0	0	0	0	0.00498444	0	0	0	0	0	0	2.64577e-06	0	0	0	0	0.000660866	0	0	0	0	1.16759e-05	0	0	0	0	3.98451e-06	0	0	0	1.35675e-05	0	0	0	0	0	0	0	0	0	0	0	0	0	0	0	0	0	0	0	0	0	0	0	0	0	0	0	0	0	0	0	0	0	0	0	0	0	0	0	0	0	0	0	0	0	0	0	0	0	0	0	0	0	0	0
d2_47	0.00102064	0	0	0	0	0	0	0	0	0	0	0	0	0	0.00462606	0	4.62807e-06	0	0	0	0	0	0	0	0	0	0	0	0	0	0	0	0	0	1.20186e-05	0	0	0	0	0	0	0	9.47212e-07	0	0	0	0.000330433	0	0.000209724	0	0	0	0	0	0	0	0	0	0	0	0	0	0	0	0	0	0	0	0	0	0	0	0	0	0	0	0	0	0	0	0	0	0	0	0	0	0	0	0	0	0	0	0	0	0	0	0	0	0	0	0	0
d2_48	8.62647e-06	0	0	0	0	0	1.70582e-06	6.42769e-06	2.05399e-05	0	0	0	0	0.000690243	0	0	0	0	0	0	0	0	0	0	0.000540581	0	0	0	0	0.000335931	0.000660866	0	0	0	0	0	0	0	0	0	0	0	0	0	0.000351483	0	0	0	0	0	0	0	0	0	0	7.16263e-06	0	0	0	0	0	0	0	0	0	0	0	0	0	0	0	0	0	0	0	0	0	0	0	0	0	0	0	0	0	0	0	0	0	0	0	0	0	0	0	0	0	0	0	0	0	0
d2_49	0	0	0	0	0	0	0	0	0	0	0	0	0	0	0	0.000204404	0	0	0	0	0	0	0	0	0	0	0	0	0	0	0	0	0	0	0	0	0	0	0	0	0	0	0	0	0	0	0	0	0	0	0	0	0	0	0	0	0	0	0	0	0	0	0	0	0	0	0	0	0	0	0	0	0	0	0	0	0	0	0	0	0	0	0	0	0	0	0	0	0	0	0	0	0	0	0	0	0	0	0	0	0	0
d2_50	4.59338e-06	0	2.91121e-06	0	0	0	0	0	0	0	0	0	0	0	0	0	0	0	0	0	0	0	0	0	0	0	0	9.10747e-06	2.67358e-05	0	0	0	0	0	0	0	0	0	0	0	0	0	0	0	0	0	0	0	0	0	0	0	0	0	0	0	0	0	0	0	0	0	0	0	0	0	0	0	0	0	0	0	0	0	0	0	0	0	0	0	0	0	0	0	0	0	0	0	0	0	0	0	0	0	0	0	0	0	0	0	0	0
d2_51	0	0	0	0	0	0	0	0	0	0	0	0	0	0	0	0	0	0	0	0	0	0	0	0	0	0	0	0	0	0	0	0	0	0.00516269	0	0.000660866	0.000330433	0	0	0	0	0	0	0	0	0	0	0	0	0	0	0	0	0	0	0	0	0	0	0	0	0	0	0	0	0	0	0	0	0	0	0	0	0	0	0	0	0	0	0	0	0	0	0	0	0	0	0	0	0	0	0	0	0	0	0	0	0	0	0	0	0
d2_52	0	0	0	0	0	0	0	0	0	0	0	0	0	0	0	0	0	0	0	0	0	0	0	0	0	0	0	0	0	0	0	0	0	0	1.49525e-06	3.79954e-06	0	0	0	0	0	0	0	0	0	0	0	0	0	0	0	0	0	0	0	0	0	0	0	0	0	0	0	0	0	0	0	0	0	0	0	0	0	0	0	0	0	0	0	0	0	0	0	0	0	0	0	0	0	0	0	0	0	0	0	0	0	0	0	0	0	0
d2_53	3.5188e-05	0	0	0	0	0	0	0	0	0	0	0	0	0	0	0	0	0	0	0	0	0	0	0	0	0	0	0	0	0	0	0	0	0	0	0	0	0	0	0	0	0	0	0	0	0	0	0	0	0	0	0	0	0	0	0	0	0	0	0	0	0	0	0	0	0	0	0	0	0	0	0	0	0	0	0	0	0	0	0	0	0	0	0	0	0	0	0	0	0	0	0	0	0	0	0	0	0	0	0	0	0
d2_54	0	0.00517658	0	1.72456e-06	0	0	0	0	0	0	0	0	0	0	0.000535261	0	0	0	0	0	0	0	0	0	0	0	0	0	0	0	0	0	0	0.00019826	0	0	0	0	0	0	0	0	0	0	0	0	0	0	0	0	0	0	0	0	0	0	0	0	0	0	0	0	0	0	0	0	0	0	0	0	0	0	0	0	0	0	0	0	0	0	0	0	0	0	0	0	0	0	0	0	0	0	0	0	0	0	0	0	0	0	0	0
d2_55	0	0	0	0	0	0	0	0	0	0	0	0	2.56059e-05	0	0	0	0	0	0	0	0	0	0	0	0	1.71624e-07	0	0	0	0	0	0	0	0	0	0	0	0	0	0	0	0	0	0	0	0	0	0	0	0	0	0	0	0	0	0	0	0	0	0	0	0	0	0	0	0	0	0	0	0	0	0	0	0	0	0	0	0	0	0	0	0	0	0	0	0	0	0	0	0	0	0	0	0	0	0	0	0	0	0	0	0
d2_56	0	0	0	0	0	0	9.2191e-06	0	0	0.00100122	0	0	0	0	0	0	0	0	5.34753e-06	5.35718e-06	0	0	0	9.70096e-07	0	0	0	0	0	0	0	0	0	1.28304e-05	0	0	0	0	0	0	0	0	0	0	0	0	0	0	0	0	0	0	0	0	0	0	0	0	0	0	0	0	0	0	0	0	0	0	0	0	0	0	0	0	0	0	0	0	0	0	0	0	0	0	0	0	0	0	0	0	0	0	0	0	0	0	0	0	0	0	0	0
d2_57	0	0	0	0	0	0	0	0	0	0	0	0	0	0	0	0	0	0	0	0	0	0	0	0	0	0	0	0	0	0	0	0	0	0	0	0	0	0	0	0	0	0	0	0	0	0	0	0	0	0	0	0	0	0	0	0	0	0	0	0	0	0	0	0	0	0	0	0	0	0	0	0	0	0	0	0	0	0	0	0	0	0	0	0	0	0	0	0	0	0	0	0	0	0	0	0	0	0	0	0	0	0
d2_58	0	0	0	0	9.16262e-06	0	0	0	0	0	0	0	0.0046505	0	0	0	0	0	0	0	0	0	0	0	0	0	0	0	0.00464885	0	0	0	0	0	0	0	0	0	0	0	0	0	0	0	0	0	0	0	0	0	0	0	0	0	0	0	0	0	0	0	0	0	0	0	0	0	0	0	0	0	0	0	0	0	0	0	0	0	0	0	0	0	0	0	0	0	0	0	0	0	0	0	0	0	0	0	0	0	0	0	0	0
d2_59	9.07485e-06	0	0	5.54714e-06	0	0	0	1.77836e-05	0	0	0	0	0	0	0	0	0	0	0	0	0	0	1.22503e-05	0	0	0	0	0	0	0	0	0	0	0	0	0	0	0	0	0	0	0	0	0	0	0	0	0	0	0	0	0	0	0	0	0	0	0	0	0	0	0	0	0	0	0	0	0	0	0	0	0	0	0	0	0	0	0	0	0	0	0	0	0	0	0	0	0	0	0	0	0	0	0	0	0	0	0	0	0	0	0
d2_60	0.000699587	0	0	0	0	0	0	0	0	0	0	0	0	0	0	0	0	0	0	0	0	0	0	0	0	0	0	0	0	0	0	0	0	0	0	0	0	0	0	0	0	0	0	0	0	0	0	0	0	0	0	0	0	0	0	0	0	0	0	0	0	0	0	0	0	0	0	0	0	0	0	0	0	0	0	0	0	0	0	0	0	0	0	0	0	0	0	0	0	0	0	0	0	0	0	0	0	0	0	0	0	0
d2_61	2.41305e-06	1.09175e-05	1.8085e-05	0	0	0	0	1.60323e-05	0	1.47831e-06	0	0	0	0	0	0	0	0	0	0	0.00119376	0	0	0	0	0	0	0	0	0	0	0	0	0	0	0	0	0	0	0	0	0	0	0	0	0	0	0	0	0	0	0	0	0	0	0	0	0	0	0	0	0	0	0	0	0	0	0	0	0	0	0	0	0	0	0	0	0	0	0	0	0	0	0	0	0	0	0	0	0	0	0	0	0	0	0	0	0	0	0	0	0
d2_62	0	0	0	0	0	0	0	0	0	0	0	0	0	0	0	0	0	0	0	0	0	0	0	0	0	0	0	0	0	0	0	0	0	0	0	0	0	0	0	0	0	0	0	0	0	0	0	0	0	0	0	0	0	0	0	0	0	0	0	0	0	0	0	0	0	0	0	0	0	0	0	0	0	0	0	0	0	0	0	0	0	0	0	0	0	0	0	0	0	0	0	0	0	0	0	0	0	0	0	0	0	0
d2_63	0	0	0	0	0	0	0	0	0	0	0	0	0	0	0	0	0	0	0	0	0	0	0	0	0	0	0	0	0	0	0	0	0	0	0	0	0	0	0	0	0	0	0	0	0	0	0	0	0	0	0	0	0	0	0	0	0	0	0	0	0	0	0	0	0	0	0	0	0	0	0	0	0	0	0	0	0	0	0	0	0	0	0	0	0	0	0	0	0	0	0	0	0	0	0	0	0	0	0	0	0	0
d2_64	0	0	0	0	0	0	0	0	0	0	0	0	0	0	0	0	0	0	0	0	0	0	0	0.000332933	0	0	0	0	0	0	2.19121e-06	0	0	0	0	0	0	0	0	0	0	0	0	0	0	0	0	0	0	0	0	0	0	0	0	0	0	0	0	0	0	0	0	0	0	0	0	0	0	0	0	0	0	0	0	0	0	0	0	0	0	0	0	0	0	0	0	0	0	0	0	0	0	0	0	0	0	0	0	0	0	0
d2_65	0	0	0	0	0	0	0	0	0	0	0	0	0	0	0	0	0	0	0	0	0	0	0	0	0	0	0	0	0	0	0	0	0	0	0	0	0	0	0	0	0	0	0	0	0	0	0	0	0	0	0	0	0	0	0	0	0	0	0	0	0	0	0	0	0	0	0	0	0	0	0	0	0	0	0	0	0	0	0	0	0	0	0	0	0	0	0	0	0	0	0	0	0	0	0	0	0	0	0	0	0	0
d2_66	0	0	0	0	0	0	0	0	0	0	0	0	0	0	0	0	0	0	0	0	0	0	0	0	0.0009913	0	0	0	0	0	0	0	0	0	0	0	0	0	0	0	0	0	0	0	0	0	0	0	0	0	0	0	0	0	0	0	0	0	0	0	0	0	0	0	0	0	0	0	0	0	0	0	0	0	0	0	0	0	0	0	0	0	0	0	0	0	0	0	0	0	0	0	0	0	0	0	0	0	0	0	0	0
d2_67	0	0	0	0	0	0	0	0	0	0	0	0	0	0	0	0	0	0	0	0	0	0	0	0	0	0	0	0	0	0	0	0	0	0	0	0	0	0	0	0	0	0	0	0	0	0	0	0	0	0	0	0	0	0	0	0	0	0	0	0	0	0	0	0	0	0	0	0	0	0	0	0	0	0	0	0	0	0	0	0	0	0	0	0	0	0	0	0	0	0	0	0	0	0	0	0	0	0	0	0	0	0
d2_68	0	0	0	0	0	0	0	0	0	0	0	0	0	0	0	0	0	0	0	0	0	0	0	0	0	0	0	0	0	0	0	0	0	0	0	0	0	0	0	0	0	0	0	0	0	0	0	0	0	0	0	0	0	0	0	0	0	0	0	0	0	0	0	0	0	0	0	0	0	0	0	0	0	0	0	0	0	0	0	0	0	0	0	0	0	0	0	0	0	0	0	0	0	0	0	0	0	0	0	0	0	0
d2_69	0	0	0	0	0	0	0	0	0.000660866	0	0	0	0	0	0	0	0	0	0	0	0	0	0	0	0	0	0	0	0	0	0	0	0	0	0	0	0	0	0	0	0	0	0	0	0	0	0	0	0	0	0	0	0	0	0	0	0	0	0	0	0	0	0	0	0	0	0	0	0	0	0	0	0	0	0	0	0	0	0	0	0	0	0	0	0	0	0	0	0	0	0	0	0	0	0	0	0	0	0	0	0	0
d2_70	0	0	0	0	0	0	0	0	0	0	0	0	0	0	0	0	0	0	0	0	0	0	0	0	0	0	0	0	0	0	0	0	0	0	0	0	0	0	0	0	0	0	0	0	0	0	0	0	0	0	0	0	0	0	0	0	0	0	0	0	0	0	0	0	0	0	0	0	0	0	0	0	0	0	0	0	0	0	0	0	0	0	0	0	0	0	0	0	0	0	0	0	0	0	0	0	0	0	0	0	0	0
d2_71	0	0	0	0	0	0	0	0	0	0	0	0	0	0	0	0	0	0	0	0	0	0	0	0	0	0	0	0	0	0	0	0	0	0	0	0	0	0	0	0	0	0	0	0	0	0	0	0	0	0	0	0	0	0	0	0	0	0	0	0	0	0	0	0	0	0	0	0	0	0	0	0	0	0	0	0	0	0	0	0	0	0	0	0	0	0	0	0	0	0	0	0	0	0	0	0	0	0	0	0	0	0
d2_72	0	0	0	0	0	0	0	0	0	0	0	0	0	0	0	0	0	0	0	0	0	0	0	0	0	0	0	0	0	0	0	0	0	0	0	0	0	0	0	0	0	0	0	0	0	0	0	0	0	0	0	0	0	0	0	0	0	0	0	0	0	0	0	0	0	0	0	0	0	0	0	0	0	0	0	0	0	0	0	0	0	0	0	0	0	0	0	0	0	0	0	0	0	0	0	0	0	0	0	0	0	0
d2_73	0	0	0	0	0	0	0	0	0	0	0	0	0	0	0	0	0	0	0	0	0	0	0	0	0	0	0	0	0	0	0	0	0	0	0	0	0	0	0	0	0	0	0	0	0	0	0	0	0	0	0	0	0	0	0	0	0	0	0	0	0	0	0	0	0	0	0	0	0	0	0	0	0	0	0	0	0	0	0	0	0	0	0	0	0	0	0	0	0	0	0	0	0	0	0	0	0	0	0	0	0	0
d2_74	0	0	0	0	0	0	0	0	0	0	0	0	0	0	0	0	0	0	0	0	0	0	0	0	0	0	0	0	0	0	0	0	0	0	0	0	0	0	0	0	0	0	0	0	0	0	0	0	0	0	0	0	0	0	0	0	0	0	0	0	0	0	0	0	0	0	0	0	0	0	0	0	0	0	0	0	0	0	0	0	0	0	0	0	0	0	0	0	0	0	0	0	0	0	0	0	0	0	0	0	0	0
d2_75	0	0	0	0	0	0	0	0	0	0	0	0	0	0	0	0	0	0	0	0	0	0	0	0	0	0	0	0	0	0	0	0	0	0	0	0	0	0	0	0	0	0	0	0	0	0	0	0	0	0	0	0	0	0	0	0	0	0	0	0	0	0	0	0	0	0	0	0	0	0	0	0	0	0	0	0	0	0	0	0	0	0	0	0	0	0	0	0	0	0	0	0	0	0	0	0	0	0	0	0	0	0
d2_76	0	0	0	0	0	0	0	0	0	0	0	0	0	0	0	0	0	0	0	0	0	0	0	0	0	0	0	0	0	0	0	0	0	0	0	0	0	0	0	0	0	0	0	0	0	0	0	0	0	0	0	0	0	0	0	0	0	0	0	0	0	0	0	0	0	0	0	0	0	0	0	0	0	0	0	0	0	0	0	0	0	0	0	0	0	0	0	0	0	0	0	0	0	0	0	0	0	0	0	0	0	0
d2_77	0	0	0	0	0	0	0	0	0	0	0	0	0	0	0	0	0	0	0	0	0	0	0	0	0	0	0	0	0	0	0	0	0	0	0	0	0	0	0	0	0	0	0	0	0	0	0	0	0	0	0	0	0	0	0	0	0	0	0	0	0	0	0	0	0	0	0	0	0	0	0	0	0	0	0	0	0	0	0	0	0	0	0	0	0	0	0	0	0	0	0	0	0	0	0	0	0	0	0	0	0	0
d2_78	0	0	0	0	0	0	0	0	0	0	0	0	0	0	0	0	0	0	0	0	0	0	0	0	0	0	0	0	0	0	0	0	0	0	0	0	0	0	0	0	0	0	0	0	0	0	0	0	0	0	0	0	0	0	0	0	0	0	0	0	0	0	0	0	0	0	0	0	0	0	0	0	0	0	0	0	0	0	0	0	0	0	0	0	0	0	0	0	0	0	0	0	0	0	0	0	0	0	0	0	0	0
d2_79	0	0	0	0	0	0	0	0	0	0	0	0	0	0	0	0	0	0	0	0	0	0	0	0	0	0	0	0	0	0	0	0	0	0	0	0	0	0	0	0	0	0	0	0	0	0	0	0	0	0	0	0	0	0	0	0	0	0	0	0	0	0	0	0	0	0	0	0	0	0	0	0	0	0	0	0	0	0	0	0	0	0	0	0	0	0	0	0	0	0	0	0	0	0	0	0	0	0	0	0	0	0
d2_80	0	0	0	0	0	0	0	0	0	0	0	0	0	0	0	0	0	0	0	0	0	0	0	0	0	0	0	0	0	0	0	0	0	0	0	0	0	0	0	0	0	0	0	0	0	0	0	0	0	0	0	0	0	0	0	0	0	0	0	0	0	0	0	0	0	0	0	0	0	0	0	0	0	0	0	0	0	0	0	0	0	0	0	0	0	0	0	0	0	0	0	0	0	0	0	0	0	0	0	0	0	0
d2_81	0	0	0	0	0	0	0	0	0	0	0	0	0	0	0	0	0	0	0	0	0	0	0	0	0	0	0	0	0	0	0	0	0	0	0	0	0	0	0	0	0	0	0	0	0	0	0	0	0	0	0	0	0	0	0	0	0	0	0	0	0	0	0	0	0	0	0	0	0	0	0	0	0	0	0	0	0	0	0	0	0	0	0	0	0	0	0	0	0	0	0	0	0	0	0	0	0	0	0	0	0	0
d2_82	0	0	0	0	0	0	0	0	0	0	0	0	0	0	0	0	0	0	0	0	0	0	0	0	0	0	0	0	0	0	0	0	0	0	0	0	0	0	0	0	0	0	0	0	0	0	0	0	0	0	0	0	0	0	0	0	0	0	0	0	0	0	0	0	0	0	0	0	0	0	0	0	0	0	0	0	0	0	0	0	0	0	0	0	0	0	0	0	0	0	0	0	0	0	0	0	0	0	0	0	0	0
d2_83	0	0	0	0	0	0	0	0	0	0	0	0	0	0	0	0	0	0	0	0	0	0	0	0	0	0	0	0	0	0	0	0	0	0	0	0	0	0	0	0	0	0	0	0	0	0	0	0	0	0	0	0	0	0	0	0	0	0	0	0	0	0	0	0	0	0	0	0	0	0	0	0	0	0	0	0	0	0	0	0	0	0	0	0	0	0	0	0	0	0	0	0	0	0	0	0	0	0	0	0	0	0
d2_84	0	0	0	0	0	0	0	0	0	0	0	0	0	0	0	0	0	0	0	0	0	0	0	0	0	0	0	0	0	0	0	0	0	0	0	0	0	0	0	0	0	0	0	0	0	0	0	0	0	0	0	0	0	0	0	0	0	0	0	0	0	0	0	0	0	0	0	0	0	0	0	0	0	0	0	0	0	0	0	0	0	0	0	0	0	0	0	0	0	0	0	0	0	0	0	0	0	0	0	0	0	0
