	d1_0	d1_1	d1_2	d1_3	d1_4	d1_5	d1_6	d1_7	d1_8	d1_9	d1_10	d1_11	d1_12	d1_13	d1_14	d1_15	d1_16	d1_17	d1_18	d1_19	d1_20	d1_21	d1_22	d1_23	d1_24	d1_25	d1_26	d1_27	d1_28	d1_29	d1_30	d1_31	d1_32	d1_33	d1_34	d1_35	d1_36	d1_37	d1_38	d1_39	d1_40	d1_41	d1_42	d1_43	d1_44	d1_45	d1_46	d1_47	d1_48	d1_49	d1_50	d1_51	d1_52	d1_53	d1_54	d1_55	d1_56	d1_57	d1_58	d1_59	d1_60	d1_61	d1_62
d2_0	0	0.0881845	0.0239531	0.0154675	0.00394995	0.00944323	0.00226372	0.000645123	0.00111374	0.000122986	0.00728505	9.02779e-05	3.18719e-05	1.7137e-05	7.9738e-06	4.16918e-05	4.34935e-06	1.78882e-05	4.71179e-06	0	0	0	0	7.24891e-07	2.17467e-06	0	0	0	0	0	0	0	0	0	0	0	0	0	0	0	0	0	0	0	0	0	0	0	0	0	0	0	0	0	0	0	0	0	0	0	0	0	0
d2_1	0.0704843	0.000823097	0.00064182	0.00251484	0.00634671	0.000196628	0.000141722	0.00015532	6.52402e-06	7.32599e-05	2.65192e-05	1.48603e-05	1.5787e-05	7.84818e-06	0	2.17467e-06	3.12015e-06	8.50327e-06	1.81223e-06	0	0	0	0	0	0	0	0	0	0	0	0	0	0	0	0	0	0	0	0	0	0	0	0	0	0	0	0	0	0	0	0	0	0	0	0	0	0	0	0	0	0	0	0
d2_2	0.030747	0.00637629	0.000589287	0.00104231	0.00660151	0.00185496	0.000198948	8.43945e-05	0.00580451	8.46804e-05	0.00128337	0.00151255	2.89956e-06	2.98287e-05	0	1.05072e-05	1.53265e-05	2.17467e-06	2.51973e-05	0	0	0	0	0	0	0	0	0	0	0	0	0	0	0	0	0	0	0	0	0	0	0	0	0	0	0	0	0	0	0	0	0	0	0	0	0	0	0	0	0	0	0	0
d2_3	0.0182974	0.00118272	0.000355364	0.000294036	0.00147224	0.000179766	0.00094286	0.000177989	0.0001496	0.00570349	0.0118199	0.000865874	7.1668e-05	2.63687e-05	2.63598e-05	1.44978e-06	2.53712e-06	2.17467e-06	0	0	0	0	0	0	0	0	0	0	0	0	0	0	0	0	0	0	0	0	0	0	0	0	0	0	0	0	0	0	0	0	0	0	0	0	0	0	0	0	0	0	0	0	0
d2_4	0.014513	0.000400179	0.000338033	0.000277654	0.00253707	0.00010587	8.8213e-05	6.22572e-05	0.000968153	4.15852e-05	1.90031e-05	3.22384e-05	1.78287e-05	1.73974e-05	3.15187e-05	0.00127122	4.71179e-06	4.34935e-06	2.17467e-06	3.9869e-06	0	0	1.13759e-05	0	0	0	0	0	0	0	0	0	0	0	0	0	0	0	0	0	0	0	0	0	0	0	0	0	0	0	0	0	0	0	0	0	0	0	0	0	0	0	0
d2_5	0.00526161	0.000266968	0.000283384	0.000237285	0.00209864	0.000164754	0.00014774	6.66297e-05	0.000168866	0.000109722	0.000907848	1.88333e-05	2.2528e-05	4.71179e-06	7.71153e-06	0	4.34935e-06	2.2025e-05	3.15132e-05	1.35725e-05	1.08137e-06	0	0	0	0	0	2.27117e-05	0	0	0	0	0	0	0	0	0	0	0	0	0	0	0	0	0	0	0	0	0	0	0	0	0	0	0	0	0	0	0	0	0	0	0	0
d2_6	0.00380957	0.000357483	0.000257136	0.00130337	0.000120048	0.000368418	0.000577702	4.91772e-05	3.49708e-05	0.00113116	2.14708e-05	2.41232e-05	2.96723e-05	1.75079e-05	0.00153062	2.66762e-05	1.36179e-05	0	0	1.30586e-05	0	0	0	3.19976e-06	0	0	0	0	0	6.72781e-06	0	0	0	0	0	0	0	0	0	0	0	0	0	0	0	0	0	0	0	0	0	0	0	0	0	0	0	0	0	0	0	0	0
d2_7	0.00781073	0.000279364	0.00140752	0.000165426	0.00148082	4.37307e-05	0.00131857	0.000113885	3.00904e-05	6.72454e-05	0.000291878	0.00696016	9.41946e-05	1.92096e-05	0.00070958	2.17467e-06	1.19499e-05	7.46398e-06	0	2.89956e-06	0	4.09501e-06	3.9869e-06	0	0	0	0	0	0	0	0	0	0	0	0	0	0	0	0	0	0	0	0	0	0	0	0	0	0	0	0	0	0	0	0	0	0	0	0	0	0	0	0
d2_8	0.000850026	0.000186084	8.52116e-05	0.000101119	0.000558188	0.000451668	6.63897e-05	5.10802e-05	0.00613181	4.15364e-05	0.000843821	9.06114e-06	0.000712396	5.83026e-06	2.06751e-05	6.55928e-05	3.62446e-06	0	2.58536e-05	0	2.81473e-06	0	0	0	5.52108e-06	3.40756e-05	0	0	0	0	0	0	0	0	0	0	0	0	0	0	0	0	0	0	0	0	0	0	0	0	0	0	0	0	0	0	0	0	0	0	0	0	0
d2_9	0.000531785	0.000113144	0.000275798	0.000183371	8.39521e-05	0.000861293	0.00038814	0.00617334	0.000604132	8.93063e-05	1.19607e-05	0.000664888	1.44198e-05	6.49143e-06	0.000854909	0.00159584	3.00055e-05	2.47183e-06	7.76787e-05	0	7.18101e-06	0	0	0	0	0	0	0	0	0	0	0	0.000817537	0	0	0	0	0	0	0	0	0	0	0	0	0	0	0	0	0	0	0	0	0	0	0	0	0	0	0	0	0	0
d2_10	0.00183599	0.000117771	0.00580582	0.000162078	0.00624101	6.64274e-05	2.36284e-05	0.00240174	7.52351e-05	0.00200221	0.00029471	4.45693e-05	0.00490829	0.00113069	3.76573e-05	2.73485e-06	0	0	0	0.00567517	0	0	0	0	0	0	0	0	0	0	0	0	0	0	0	0	0	0	0	0	0	0	0	0	0	0	0	0	0	0	0	0	0	0	0	0	0	0	0	0	0	0	0
d2_11	0.000295812	2.42838e-05	0.000105514	0.000134689	8.60358e-05	6.88349e-05	4.56378e-05	4.9278e-05	1.08734e-05	0.00663142	0.000866048	9.48512e-06	1.08734e-05	7.24891e-06	0.00609489	0	0.0010991	0.00122332	0	0	2.89956e-06	0	0	1.45416e-05	0	0	0	0	0	0	7.24891e-07	0	0	0	0	0	0	0	0	0	0	0	0	0	0	0	0	0	0	0	0	0	0	0	0	0	0	0	0	0	0	0	0
d2_12	0.000151642	0.000772455	6.32562e-05	7.13053e-05	1.73974e-05	5.25006e-05	7.61795e-05	5.66821e-05	2.87267e-05	1.34105e-05	3.05335e-05	1.6655e-05	2.73603e-05	0	6.5617e-05	2.61046e-05	0.00613166	0	2.98449e-05	0	0	0	0	0	2.36629e-05	0	2.17467e-06	2.73255e-05	0	0	0	0	0	0	0	0	0	0	0	0	0	0	0	0	0	0	0	0	0	0	0	0	0	0	0	0	0	0	0	0	0	0	0
d2_13	0.00130649	0.000822336	0.00036476	4.66903e-05	4.88201e-05	0.000379925	6.36831e-05	3.80857e-05	0.00618921	0.000104597	0.0114199	5.07424e-06	4.64508e-05	4.17691e-05	2.81871e-05	5.19264e-05	2.27872e-05	6.16157e-06	3.13426e-06	0.00653341	1.01485e-05	0.00150629	0	1.07741e-05	1.53893e-05	0	0.00610872	0	0	0	2.65926e-05	0	0	0	0	0	0	0	0	0	0	0	0	0	0	0	0	0	0	0	0	0	0	0	0	0	0	0	0	0	0	0	0
d2_14	0.00017006	7.73582e-05	1.5374e-05	8.63668e-05	2.83872e-05	3.62446e-06	0.000766189	0.000691132	2.06593e-05	0.00576063	0.00695033	7.36839e-05	3.1965e-05	0.00154486	5.3515e-06	0	0.000240962	3.77019e-05	4.34935e-06	0	5.3931e-06	1.75433e-05	1.02973e-05	1.74213e-05	0	0	0	0	0	5.40746e-06	0	0	0	0	0	0	0	0	0	0	0	0	0	0	0	0	0	0	0	0	0	0	0	0	0	0	0	0	0	0	0	0	0
d2_15	3.50593e-05	9.30802e-05	0.00153198	3.15681e-05	0.00655896	0.00575359	0.00229751	6.81204e-06	3.0633e-05	0.00029317	2.49101e-05	0.000420583	1.21244e-05	5.43668e-06	1.02772e-05	0	0	0	0.00572465	1.63188e-05	0.000447165	1.83592e-05	2.94887e-06	0.000678693	0.00202869	8.35253e-06	0.000889448	0	0	2.77391e-05	0	0	0	0	0	0	0	0	0	0	0	0	0	0	0	0	0	0	0	0	0	0	0	0	0	0	0	0	0	0	0	0	0
d2_16	1.64487e-05	3.6089e-05	3.98156e-05	7.63245e-05	2.74196e-05	0.00619886	9.29154e-05	2.62859e-05	0.000151613	0.000894752	1.53315e-05	3.05377e-05	7.272e-05	2.43784e-05	0.000870436	5.02971e-06	4.55077e-06	2.53245e-05	2.8211e-05	8.35939e-06	0	0	0	0	0	0	2.87321e-05	0.00488401	0	0	0	0	0	0	0	0	0	0	0	0	0	0	0	0	0	0	0	0	0	0	0	0	0	0	0	0	0	0	0	0	0	0	0
d2_17	1.10169e-05	2.63401e-05	7.61136e-06	0.000457477	1.76268e-05	1.7997e-05	2.01994e-05	2.61373e-05	0.00786748	0.000717398	7.24891e-07	0.000311039	3.26201e-06	0.000318925	0.00720607	0.000453234	0	0	7.24891e-07	0	7.69322e-05	0.000447845	1.85543e-06	0.00122659	0	1.19725e-05	0.000839488	0.00349944	0	0	0	0	0	0	0	0	0	0	0	0	0	0	0	0	0	0	0	0	0	0	0	0	0	0	0	0	0	0	0	0	0	0	0
d2_18	2.97205e-05	1.33858e-05	7.61136e-06	4.34935e-06	2.71094e-05	8.54121e-06	0.00718516	0	6.16157e-06	7.59477e-06	4.61454e-05	4.50219e-05	0.000192411	0.00656301	2.09442e-05	2.24469e-05	0.0015277	4.8817e-05	9.05231e-06	2.82463e-05	2.87323e-06	2.40823e-05	3.69572e-05	0.00124898	0	0	7.24891e-07	0	0	0	0	0	0	0.006337	0	0.000822401	0	0	0	0	0	0	0	0	0	0	0	0	0	0	0	0	0	0	0	0	0	0	0	0	0	0	0
d2_19	9.42358e-06	0.0013136	2.42329e-05	0.000509785	0	3.17188e-05	0.00127122	1.76606e-05	2.36807e-05	3.66681e-05	1.87682e-05	0	4.81197e-05	3.48729e-05	0.000666179	0.00638512	1.89321e-05	1.82864e-05	7.88056e-06	0.00692524	0.0069341	0.00653901	0	0.000660327	0	8.14554e-06	0	9.74848e-06	0	0	0	0	0	0	0	0	0	0	0	0	0	0	0	0	0	0	0	0	0	0	0	0	0	0	0	0	0	0	0	0	0	0	0
d2_20	3.42192e-06	1.84847e-05	2.89956e-06	1.15983e-05	7.06163e-06	4.05507e-05	0	1.44978e-05	3.986e-05	7.99634e-06	0.00206251	2.89956e-06	5.22012e-05	0.00568503	0.000831596	2.74589e-06	0	1.48872e-05	2.84717e-05	0	2.5986e-06	0.00574636	0	8.695e-06	0	3.75788e-06	0	0.00811464	0	0	0	0	0	0.000428091	0.00570908	0	0	0	0	0	0	0	0	0	0	0	0	0	0	0	0	0	0	0	0	0	0	0	0	0	0	0	0
d2_21	0	0	1.44978e-06	7.61136e-06	3.5735e-06	0.000459486	2.10221e-05	0.000670685	1.14789e-05	4.5648e-06	4.71179e-06	0.000697109	0	0.00126819	2.51386e-05	2.9465e-05	0.0065238	0	0	2.25239e-05	0.000696706	0.000853234	0	0.000830215	6.63889e-05	0	0.00610063	0	0	0	0	0	0	0.000679821	0	0	0	0	0	0	0	0	0	0	0	0	0	0	0	0	0	0	0	0	0	0	0	0	0	0	0	0	0
d2_22	0	5.07424e-06	0	0	1.44978e-06	1.81329e-05	1.02394e-05	9.54971e-06	0.00718237	0.000292536	0	0.000457221	2.27352e-05	0	1.57509e-05	1.64785e-05	1.64921e-05	8.68211e-06	0.00188557	0.0014722	2.69231e-06	0	3.32259e-05	0	1.19672e-05	0	0	0.000276667	0	0	0	0	0	0	0	0	0	0	0	0	0	0	0	0	0	0	0	0	0	0	0	0	0	0	0	0	0	0	0	0	0	0	0
d2_23	0	0	1.44978e-06	0	6.88221e-06	1.27855e-05	0.00655932	0	1.52034e-05	0.000815105	2.89956e-06	1.45741e-05	0	0.000702665	1.09658e-06	0	4.31541e-06	3.22057e-05	2.10875e-05	0.000700321	0	3.92229e-05	0.00203388	0.000810738	0.00206389	0	0	0	0	0	0	0	8.6254e-06	0	0	0	0	6.71036e-06	0	0	0	0	0	0	0	0	0	0	0	0	0	0	0	0	0	0	0	0	0	0	0	0	0
d2_24	0	0	0	2.20083e-05	1.03777e-05	5.7986e-05	0	6.10262e-06	6.88646e-06	0	0.00487687	0.000455408	0.000436305	0	0.000414886	0	1.33086e-05	0.000445567	0.00824234	2.20589e-06	2.01817e-05	3.9869e-06	0.00567517	0	2.35518e-05	0	0	0	0.00271598	0	1.62419e-05	0	0	0	0	0	0	0.000842309	0	0	0	0	0	0	0	0	0	0	0	0	0	0	0	0	0	0	0	0	0	0	0	0	0
d2_25	2.00954e-05	0	9.78603e-06	1.44978e-06	1.26798e-05	0.000242219	1.63134e-06	2.48804e-05	0	2.17467e-06	9.1702e-07	2.17467e-06	0.000661088	0.00129604	0	7.82189e-05	0.00819592	2.88117e-05	1.25376e-06	0	0	0.000291811	4.56538e-05	0.00147295	0	0.00121611	0.000824789	7.24891e-07	0	0	2.27193e-05	0	0	4.86283e-06	0	0	0	0	1.03513e-06	0	0	0	0	0	0	0	0	0	0	0	0	0	0	0	0	0	0	0	0	0	0	0	0
d2_26	1.30078e-05	4.45137e-06	0	0.00073999	1.51537e-05	0.000810738	0	0	3.26201e-06	0	2.06062e-05	0	2.73629e-05	2.84704e-05	2.03949e-05	3.55124e-05	0.000432542	0	0	2.65719e-05	0.00492717	0	7.24891e-07	0.00125132	9.49998e-06	1.17956e-05	0	0.00147717	0	0	0	0	1.0084e-05	0	0	0	0	0	0	0	0	0	0	0	0	0	0	0	0	0	0	0	0	0	0	0	0	0	0	0	0	0	0
d2_27	0	0	0	0	0	0	0	2.89956e-06	0.000810738	0.00148715	2.63379e-05	1.08734e-06	0.00491724	5.29234e-06	7.47465e-06	7.24891e-07	0.00636795	0.00191628	1.75385e-05	1.61449e-05	0	3.247e-05	0.000828058	1.28667e-05	8.34097e-07	2.13145e-05	1.32467e-05	3.04559e-05	0	0	1.558e-05	9.05912e-07	0	0	0	0	0	1.41536e-05	0	0	0	0	0	0	0	0	0	0	0	0	0	0	0	0	0	0	0	0	0	0	0	0	0
d2_28	0	0	0	5.79913e-06	0	0	0	0	0	3.96752e-05	0.00613492	0	0	8.39601e-06	7.86664e-06	0	0	5.77012e-06	0.000810738	9.79611e-06	0.00125112	0	0	0.00610945	0.000821121	0	5.31547e-07	0	0	0	0	0	0	0	0	0	0	0	0	0	0	0	0	0	0	0	0	0	0	0	0	0	0	0	0	0	0	0	0	0	0	0	0
d2_29	0	0	0	0	0	0.00610729	3.94386e-05	0	0	0	0	0.00693158	0.00205262	1.8721e-05	8.14232e-06	4.07964e-06	0	5.9368e-06	0	0	0.00608287	0.00206773	0.000810738	1.02249e-05	0.000415412	0	0	0	0	0	0	0	0	0	0	0	0	0	0	0	0	0	0	0	0.00122961	0	0	0	0	0	0	0	0	0	0	0	0	0	0	0	0	0	0
d2_30	0	0	0	0	0	2.97013e-05	4.5553e-05	1.67037e-06	0	0	0	0	0	0.000444278	1.45282e-05	2.18974e-05	0	2.05716e-05	0.000854076	0	0	0	0	0	0.000407426	0.00146816	0	0	6.87583e-06	7.79768e-07	3.35316e-05	0	1.06106e-05	0	0	0	0	0.000243221	6.59774e-06	0	0	0	0	0	0	0	0	0	0	0	0	0	0	0	0	0	0	0	0	0	0	0	0
d2_31	0	0	0	0	0	0	1.08734e-06	0	3.26201e-06	2.17467e-06	9.369e-06	0	1.59355e-05	0.00568156	0	0	0	0	0	0.000423532	0	0	0	4.02099e-05	0	6.83293e-06	0	5.14015e-06	8.19907e-07	1.72758e-05	0.000834959	0	0	0	0	0	0	0	1.95186e-05	0	0	0	0	0	0	0	0	0	0	0	0	0	0	0	0	0	0	0	0	0	0	0	0
d2_32	0	0	0	0	0	2.17467e-06	0	0	0.000457583	0	0	2.28058e-06	0	0	0	0	6.60799e-06	0	0	8.1301e-06	2.11283e-05	0	0	4.2159e-06	0.00568993	0	0.000693705	1.87837e-05	0	1.2656e-05	0.00636338	0	1.40231e-06	0	0	9.42286e-06	0	0	0	0	8.56325e-06	0	0	0	0	0	0	0	0	0	0	0	0	0	0	0	0	0	0	0	0	0	0
d2_33	0	0	0	0	0	0	0	0	0	6.70236e-06	0.000818778	1.61269e-05	0.00649776	0	3.1131e-05	0	0	0	0	0	3.49427e-05	0	0	0	0	0	2.87783e-05	0	0	0	7.3531e-06	0.000827327	1.44054e-05	1.79473e-05	0.000449445	0	0.000810738	0	0	0	0.000412877	0	0	0	0	0	0	0	0	0	0	0	0	0	0	0	0	0	0	0	0	0	0
d2_34	0	0	0	0	0	0.00567517	0.000295073	0	5.47884e-06	7.24891e-07	0	0	5.79913e-06	6.29904e-06	0	0	0	0	0	0	0	0	0	0	0.00203491	0	0	0	1.80809e-05	0	0.00632935	0	0	0	0	0	0	0	0	0	0	0	1.46196e-05	0	0	0	0	0	0	0	0	0	0	0	0	0	0	0	0	0	0	0	0
d2_35	0	0	0	5.02604e-07	0	0	0.00123683	0	0	0	6.5588e-06	1.05442e-05	0	1.44978e-06	8.52478e-06	0.00656453	0	0	5.81137e-07	1.65569e-06	0	0	1.06636e-05	0.000811939	0	0	0	0	0.000653275	0	6.32911e-06	0	0	0	9.37054e-06	0	0	0	0	0	0	0	3.42451e-06	0	0	0	0	0	0	0	0	0	0	0	0	0	0	0	0	0	0	0	0
d2_36	0	0	0	0	0	0	0	0	0	0	1.45469e-05	0.00634046	0	0	5.23326e-06	3.59468e-05	3.42781e-06	0.000443472	0	0.00046034	0	0	0	2.33781e-05	1.30226e-05	0	0.0012228	2.55347e-06	1.6516e-06	0	0.00692467	0	0	0	0	0	0	0	0	0	1.273e-06	0	0	0	0	0	0	0	0	0	0	0	0	0	0	0	0	0	0	0	0	0	0
d2_37	0	0	0	0	0	0	0	0	0	0	0	0	0	0	0	0	0	0	0	0.000650505	1.02817e-05	2.50111e-06	3.13546e-05	0	0	0	1.41393e-05	0	0	0	0	0.000657043	0	0	0.00125532	0	0	0	0	0	0	0	0	0	0	0	0	0	0	0	0	0	0	0	0	0	0	0	0	0	0	0	0
d2_38	0	0	0	0	0	0	0	0	6.3327e-06	0	0	0	0	0.0049212	0	0	1.07759e-05	0	7.24891e-07	0	0	0	0	2.26869e-06	1.49048e-05	0	0.00189572	0	1.11005e-05	0	0	0	0	0	0	0	0	0	0	0	0	0	0	0	0	0	0	0	0	0	0	0	0	0	0	0	0	0	0	0	0	0	0
d2_39	0	0	0	0	0	0	0	0	0	0	1.25735e-05	0	0	0	5.00382e-06	0	1.76956e-05	0	1.53585e-05	0	3.39916e-07	1.4206e-05	0	0	6.66207e-06	0	0.00651401	0	0	0	1.30069e-05	0	0	0	0	0	0	0	0	3.25756e-07	0	0	0	0	0	0	0	0	0	0	0	0	0	0	0	0	0	0	0	0	0	0	0
d2_40	0	0	0	0	0	0	0	0	0	0	6.52402e-06	0	1.75072e-06	0	0	0	0	0	2.4141e-05	0	1.76438e-05	0	1.66362e-05	5.49733e-06	4.61568e-05	6.02303e-06	0.000837031	0	0	1.36053e-05	0	0	0	0	0	0	0	0	0	0	0	0.00110049	0	0	0	0.000658019	0	0	0	0	0	0	0	0	0	0	0	0	0	0	0	0	0
d2_41	0	0	0	0	0	0	0	0	0	0	0	0	0	3.36089e-05	0.00025563	0	0.00608054	1.27561e-06	1.971e-05	1.32721e-05	0	5.68325e-06	0.000406418	1.86409e-05	0	4.79637e-06	0	5.81137e-07	0	0	0	0.00689127	0	0	0	0	0	0	0	0	0	0	0	0	0	0	0	0	0	0	0	0	0	0	0	0	0	0	0	0	0	0	0
d2_42	0	0	0	0	0	0	0	0	0	0	0	0	0	0	3.2345e-06	0	0	0	0	1.13435e-06	3.93544e-06	3.54369e-05	0	0	0	0	0	0	0	0	0	0.000810738	0	0	0	0	0	0	0	0	0	0.00148684	0	0	0	0	0	0	0	0	0	0	0	0	0	0	0	0	0	0	0	0	0
d2_43	0	0	0	0	0	0	0	0	0	0	0	0	0	0	0	0	0	0	0	0	0	0.000843514	0	0.000277767	0	0.000285543	0	0	0	0	0	0	0	0	0	0	0.000813871	0	0	0.00568432	0	0	0	0	0	0	0	0	0	0	0	0	0	0	0	0	0	0	0	0	0	0	0
d2_44	0	0	0	0	0	0	0	0	0	0	0	0	0	0	0	0	0	0	1.2217e-05	6.36809e-07	0.000264996	0.00569633	0	0	0.000810738	1.27222e-05	0	0	0	0	0.000835317	0.000190444	0	0	0	0	0	0	0	0	1.28502e-06	0	0	0	0	0	0	0	0	0	0	0	0	0	0	0	0	0	0	0	0	0	0
d2_45	0	0	0	0	0	0	0	0	0	0	0	0	0	0	0	0	0.000214724	0	0	0	0	0.000831016	0	0	0	0	0.000810738	0	5.25274e-06	0	0	0.000425798	0	0	6.3184e-06	0	0	8.39778e-06	0	0	0	0.000162148	0	0	0	0	0	0	0	0	0	0	0	0	0	0	0	0	0	0	0	0	0
d2_46	0	0	0	0	0	0	0	0	0	0	0	0	0	0	0	0	0	0	0	0	0	0	3.09681e-05	0	0	0	4.88812e-06	2.03044e-06	0	0.00611482	0.000810738	1.66414e-05	0	0	0	0	0	0	0	0	1.28601e-05	0	0	0	0	0	0	0	0	0	0	0	0	0	0	0	0	0	0	0	0	0	0
d2_47	0	0	0	0	0	0	0	0	0.00121611	0	0.00567517	0	0	0	0	1.27465e-06	0	0	0	1.16202e-06	0	0	0	0	2.04218e-05	0	0.000662654	0	0	0	0	0	3.47206e-05	0	0	0	0	0	0	0	0	0	0	0	0	0	0	0	0	0	0	0	0	0	0	0	0	0	0	0	0	0	0
d2_48	0	0	0	0	0	0	0	0	0	0	0	0	0	0	0	0	0	0	8.78698e-06	0	0	0	0	3.0878e-05	0	0.000663174	0	0.000852099	0	0.00124193	0	0	0.000412114	0	0	0	0	0	0	9.55819e-06	0	0	0	0	0	0	0	0	0	0	0	0	0	0	0	0	0	0	0	0	0	0	0
d2_49	0	0	0	0	0	0	0	0	0	0	0	0	0	0	0	0	0	0	0	0	0	0	0	0	0	0	0	0.000250758	0	0	0	0	0	0	0	0	0	0	0	0	0	0	0	0	0	0	0	0	0	0	0	0	0	0	0	0	0	0	0	0	0	0	0
d2_50	0	0	0	0	0	0	0	0	0	0	0	0	0	0	0	0	0	0	0	0	0	0	0	0	0	0	0	1.11729e-05	0	0	0	0	0	0	0	0	0	5.63507e-06	3.57141e-06	3.2799e-05	0	0	0	0	0	0	0	0	0	0	0	0	0	0	0	0	0	0	0	0	0	0	0
d2_51	0	0	0	0	0	0	0	0	0	0	0	0	0	0	0	0	0	0	0	0	0	0	0	0	0	0	0	0	0.00714423	0	0	0	0	0	0.000405369	0	0	0	0	0	0	0	0	0	0	0	0	0	0	0	0	0	0	0	0	0	0	0	0	0	0	0	0
d2_52	0	0	0	0	0	0	0	0	0	0	0	0	0	0	0	0	0	0	0	0	0	0	0	0	0	0	0	0	0	0	0	0	0	4.6612e-06	0	1.83434e-06	0	0	0	0	0	0	0	0	0	0	0	0	0	0	0	0	0	0	0	0	0	0	0	0	0	0	0
d2_53	0	0	0	0	0	0	0	0	0	0	0	0	0	0	0	0	0	0	0	0	0	0	0	0	0	0	0	0	0	0	0	4.07804e-05	2.38755e-06	0	0	0	0	0	0	0	0	0	0	0	0	0	0	0	0	0	0	0	0	0	0	0	0	0	0	0	0	0	0
d2_54	0	0	0	0	0	0	0	0	0	0	0	0	0	0	0	0	0	0	0.000243221	0	0	0	0	0	0.000656647	0	0	0	0	0	0	2.11565e-06	0	0	0	0	0	0.00635053	0	0	0	0	0	0	0	0	0	0	0	0	0	0	0	0	0	0	0	0	0	0	0	0	0
d2_55	0	0	0	0	0	0	0	0	0	0	0	0	0	0	0	0	0	0	0	0	0	0	2.10545e-07	0	0	0	0	0	0	0	0	0	0	0	0	0	0	0	0	0	0	0	0	0	0	0	0	3.14129e-05	0	0	0	0	0	0	0	0	0	0	0	0	0	0	0
d2_56	0	0	0	0	0	0	0	0	0	0	0	0	0	0	0	0	0	0	0	0	0	0	0	0	0	0	0	0	2.23122e-05	0	0	0	0	6.56025e-06	0	0	1.1901e-06	0	0	1.13098e-05	0.00122828	0	0	0	0	0	0	0	0	0	0	0	0	0	0	0	0	0	0	0	0	0	0
d2_57	0	0	0	0	0	0	0	0	0	0	0	0	0	0	0	0	0	0	0	0	0	0	0	0	0	0	0	0	0	0	0	0	0	0	0	0	0	0	0	0	0	0	0	0	0	0	0	0	0	0	0	0	0	0	0	0	0	0	0	0	0	0	0
d2_58	0	0	0	0	0	0	0	0	0	0	0	0	0	0	0	0	0	0	0	0	0	0	0.00570312	0	0	0	0	0	0	0	0	0	0	0	0	0	0	0	0	1.12405e-05	0	0	0	0	0	0	0	0.00570514	0	0	0	0	0	0	0	0	0	0	0	0	0	0	0
d2_59	0	0	0	0	0	0	0	0	0	0	0	0	0	0	0	0	0	0	0	0	0	0	0	0	0	0	0	3.29495e-05	0	0	0	0	0	0	0	0	0	0	0	1.50284e-05	0	0	6.80512e-06	0	0	0	0	0	0	0	0	0	0	0	0	0	0	0	0	0	0	0	0
d2_60	0	0	0	0	0	0	0	0	0	0	0	0	0	0	0	0	0	0	0	0	0	0	0	0	0	0	0	0	0	0	0	0	0	0	0	0	0	0	0	0	0.00085824	0	0	0	0	0	0	0	0	0	0	0	0	0	0	0	0	0	0	0	0	0	0
d2_61	0	0	0	0	0	0	0	0	0	0	0	0	0	0	0	0	0	0	0	0	0	0	0	0	0	0	0	0	0	0	0	0	0	0	0	0	0	0	0	0	0.00150303	0	0	0	0	0	2.14817e-05	0	0	0	0	0	0	0	0	0	0	0	0	0	0	0	0
d2_62	0	0	0	0	0	0	0	0	0	0	0	0	0	0	0	0	0	0	0	0	0	0	0	0	0	0	0	0	0	0	0	0	0	0	0	0	0	0	0	0	0	0	0	0	0	0	0	0	0	0	0	0	0	0	0	0	0	0	0	0	0	0	0
d2_63	0	0	0	0	0	0	0	0	0	0	0	0	0	0	0	0	0	0	0	0	0	0	0	0	0	0	0	0	0	0	0	0	0	0	0	0	0	0	0	0	0	0	0	0	0	0	0	0	0	0	0	0	0	0	0	0	0	0	0	0	0	0	0
d2_64	0	0	0	0	0	0	0	0	0	0	0	0	0	0	0	0	0	0	0	0	0	0	0	0	0	0	0	0	2.68813e-06	0	0	0	0	0	0	0.000408436	0	0	0	0	0	0	0	0	0	0	0	0	0	0	0	0	0	0	0	0	0	0	0	0	0	0	0
d2_65	0	0	0	0	0	0	0	0	0	0	0	0	0	0	0	0	0	0	0	0	0	0	0	0	0	0	0	0	0	0	0	0	0	0	0	0	0	0	0	0	0	0	0	0	0	0	0	0	0	0	0	0	0	0	0	0	0	0	0	0	0	0	0
d2_66	0	0	0	0	0	0	0	0	0	0	0	0	0	0	0	0	0	0	0	0	0	0	0	0	0	0	0	0	0	0.00121611	0	0	0	0	0	0	0	0	0	0	0	0	0	0	0	0	0	0	0	0	0	0	0	0	0	0	0	0	0	0	0	0	0
d2_67	0	0	0	0	0	0	0	0	0	0	0	0	0	0	0	0	0	0	0	0	0	0	0	0	0	0	0	0	0	0	0	0	0	0	0	0	0	0	0	0	0	0	0	0	0	0	0	0	0	0	0	0	0	0	0	0	0	0	0	0	0	0	0
d2_68	0	0	0	0	0	0	0	0	0	0	0	0	0	0	0	0	0	0	0	0	0	0	0	0	0	0	0	0	0	0	0	0	0	0	0	0	0	0	0	0	0	0	0	0	0	0	0	0	0	0	0	0	0	0	0	0	0	0	0	0	0	0	0
d2_69	0	0	0	0	0	0	0	0	0	0	0	0	0	0	0	0	0	0	0	0	0	0	0	0	0	0	0	0	0	0	0	0	0	0	0	0	0	0	0	0.000810738	0	0	0	0	0	0	0	0	0	0	0	0	0	0	0	0	0	0	0	0	0	0	0
d2_70	0	0	0	0	0	0	0	0	0	0	0	0	0	0	0	0	0	0	0	0	0	0	0	0	0	0	0	0	0	0	0	0	0	0	0	0	0	0	0	0	0	0	0	0	0	0	0	0	0	0	0	0	0	0	0	0	0	0	0	0	0	0	0
d2_71	0	0	0	0	0	0	0	0	0	0	0	0	0	0	0	0	0	0	0	0	0	0	0	0	0	0	0	0	0	0	0	0	0	0	0	0	0	0	0	0	0	0	0	0	0	0	0	0	0	0	0	0	0	0	0	0	0	0	0	0	0	0	0
d2_72	0	0	0	0	0	0	0	0	0	0	0	0	0	0	0	0	0	0	0	0	0	0	0	0	0	0	0	0	0	0	0	0	0	0	0	0	0	0	0	0	0	0	0	0	0	0	0	0	0	0	0	0	0	0	0	0	0	0	0	0	0	0	0
d2_73	0	0	0	0	0	0	0	0	0	0	0	0	0	0	0	0	0	0	0	0	0	0	0	0	0	0	0	0	0	0	0	0	0	0	0	0	0	0	0	0	0	0	0	0	0	0	0	0	0	0	0	0	0	0	0	0	0	0	0	0	0	0	0
d2_74	0	0	0	0	0	0	0	0	0	0	0	0	0	0	0	0	0	0	0	0	0	0	0	0	0	0	0	0	0	0	0	0	0	0	0	0	0	0	0	0	0	0	0	0	0	0	0	0	0	0	0	0	0	0	0	0	0	0	0	0	0	0	0
d2_75	0	0	0	0	0	0	0	0	0	0	0	0	0	0	0	0	0	0	0	0	0	0	0	0	0	0	0	0	0	0	0	0	0	0	0	0	0	0	0	0	0	0	0	0	0	0	0	0	0	0	0	0	0	0	0	0	0	0	0	0	0	0	0
d2_76	0	0	0	0	0	0	0	0	0	0	0	0	0	0	0	0	0	0	0	0	0	0	0	0	0	0	0	0	0	0	0	0	0	0	0	0	0	0	0	0	0	0	0	0	0	0	0	0	0	0	0	0	0	0	0	0	0	0	0	0	0	0	0
d2_77	0	0	0	0	0	0	0	0	0	0	0	0	0	0	0	0	0	0	0	0	0	0	0	0	0	0	0	0	0	0	0	0	0	0	0	0	0	0	0	0	0	0	0	0	0	0	0	0	0	0	0	0	0	0	0	0	0	0	0	0	0	0	0
d2_78	0	0	0	0	0	0	0	0	0	0	0	0	0	0	0	0	0	0	0	0	0	0	0	0	0	0	0	0	0	0	0	0	0	0	0	0	0	0	0	0	0	0	0	0	0	0	0	0	0	0	0	0	0	0	0	0	0	0	0	0	0	0	0
d2_79	0	0	0	0	0	0	0	0	0	0	0	0	0	0	0	0	0	0	0	0	0	0	0	0	0	0	0	0	0	0	0	0	0	0	0	0	0	0	0	0	0	0	0	0	0	0	0	0	0	0	0	0	0	0	0	0	0	0	0	0	0	0	0
d2_80	0	0	0	0	0	0	0	0	0	0	0	0	0	0	0	0	0	0	0	0	0	0	0	0	0	0	0	0	0	0	0	0	0	0	0	0	0	0	0	0	0	0	0	0	0	0	0	0	0	0	0	0	0	0	0	0	0	0	0	0	0	0	0
d2_81	0	0	0	0	0	0	0	0	0	0	0	0	0	0	0	0	0	0	0	0	0	0	0	0	0	0	0	0	0	0	0	0	0	0	0	0	0	0	0	0	0	0	0	0	0	0	0	0	0	0	0	0	0	0	0	0	0	0	0	0	0	0	0
d2_82	0	0	0	0	0	0	0	0	0	0	0	0	0	0	0	0	0	0	0	0	0	0	0	0	0	0	0	0	0	0	0	0	0	0	0	0	0	0	0	0	0	0	0	0	0	0	0	0	0	0	0	0	0	0	0	0	0	0	0	0	0	0	0
d2_83	0	0	0	0	0	0	0	0	0	0	0	0	0	0	0	0	0	0	0	0	0	0	0	0	0	0	0	0	0	0	0	0	0	0	0	0	0	0	0	0	0	0	0	0	0	0	0	0	0	0	0	0	0	0	0	0	0	0	0	0	0	0	0
d2_84	0	0	0	0	0	0	0	0	0	0	0	0	0	0	0	0	0	0	0	0	0	0	0	0	0	0	0	0	0	0	0	0	0	0	0	0	0	0	0	0	0	0	0	0	0	0	0	0	0	0	0	0	0	0	0	0	0	0	0	0	0	0	0
