	d0_0	d0_1	d0_2	d0_3	d0_4	d0_5	d0_6	d0_7	d0_8	d0_9	d0_10	d0_11	d0_12	d0_13	d0_14	d0_15	d0_16	d0_17	d0_18	d0_19	d0_20	d0_21	d0_22	d0_23	d0_24	d0_25	d0_26	d0_27	d0_28	d0_29	d0_30	d0_31	d0_32	d0_33	d0_34	d0_35	d0_36	d0_37	d0_38	d0_39	d0_40	d0_41	d0_42	d0_43	d0_44	d0_45	d0_46	d0_47	d0_48	d0_49	d0_50	d0_51	d0_52	d0_53	d0_54	d0_55	d0_56	d0_57	d0_58	d0_59	d0_60	d0_61	d0_62	d0_63	d0_64	d0_65	d0_66	d0_67	d0_68	d0_69	d0_70	d0_71	d0_72	d0_73	d0_74	d0_75	d0_76	d0_77	d0_78	d0_79	d0_80	d0_81	d0_82	d0_83	d0_84	d0_85	d0_86	d0_87	d0_88	d0_89	d0_90	d0_91	d0_92	d0_93	d0_94	d0_95	d0_96	d0_97	d0_98	d0_99	d0_100	d0_101
d2_0	0	0.139682	0.0287363	0.0177173	0.00669647	0.0156506	0.00353216	0.0125899	0.0027142	0.00148413	0.00167889	0.0086314	0.00149857	0.00219972	0.00565923	0.00195667	0.00749511	0.000884769	0.00338296	0.000674819	0.000490698	0.00119876	0.000295072	0.000517522	6.34125e-05	0.00560995	0.00212425	1.52025e-05	0.00239435	0.00533313	5.84806e-05	0.00207795	4.35715e-05	1.07163e-05	0.000885028	5.21652e-05	0.00101849	7.65782e-05	0.000689234	0.000653768	8.65045e-06	0	0.000359886	3.5929e-05	0.000880102	7.53711e-07	2.23528e-05	0	1.05242e-05	0.000347931	0.000652085	0	0	0	0	5.89629e-07	0.00455617	0	0	0	0	0	0	0.000195265	0	0	0	0	0	0	0	0	0.000668477	0	0	0	0	0	0	0	0	0	0.000992875	0	0	1.02112e-05	0	0	0	0	0	0	0	0	0	0	0	0	0	0	0	0
d2_1	0.0509518	0.00025529	2.35142e-05	3.56162e-05	2.69438e-05	1.67729e-05	7.18116e-06	3.90116e-06	0.00491731	3.05762e-06	2.0447e-05	7.83643e-06	1.59711e-05	0.000353386	1.39294e-06	4.7501e-06	0.00104661	4.74272e-06	0	1.80502e-06	6.10859e-06	8.22904e-06	5.01369e-07	0.000172709	0	0.00104995	0	4.48905e-06	0	0.0010025	0.00509271	0.00455617	1.22034e-05	0	5.80363e-06	0	1.9103e-05	0	0	0	0	0	0	0	0	0	0	0	0	0	0	5.51864e-06	0	0	0	0	0	1.09913e-06	0	0	0	0	0	0	0	0	0	0	0	0	0	0	0	0	0	0	0	0	0	0	0	0	0	0	0	0	0.000151587	0	0	0	0	0	0	0	0	0	0	0	0	0	0	0
d2_2	0.0191342	0	4.89564e-05	3.00598e-05	1.71931e-05	4.70554e-06	1.76609e-05	2.47971e-05	2.99905e-05	1.232e-05	0.0046225	1.47065e-05	0	8.81327e-06	2.73797e-05	0	0	6.67632e-06	0.0049026	0.00510812	1.0867e-05	1.17996e-06	0	4.74836e-06	1.29659e-05	0	0	0	0	0.000221902	0	0	0	0	0	0	0	0	0	0	0	0	0	0	0	0	3.48308e-06	0	0	0.000998539	0	0	0	0.000994719	0	0	0	0	0	0	0	0	0	0	0	0	0	0	0	0	0	0	0	0	0	0	0	0	0	0	0	0	0	0	0	0	0	0	0	0	0	0	0	0	0	0	0	0	0	0	0	0
d2_3	0.0105695	0.00101977	2.36845e-05	2.68093e-05	0.00102818	1.56529e-05	2.54996e-05	1.54306e-05	0.00458541	2.86633e-05	1.48937e-06	2.56831e-06	1.89091e-06	0.00120387	9.75025e-06	1.29243e-05	3.12319e-05	2.73599e-05	1.15707e-05	6.19318e-06	0	0	0	8.84236e-06	3.54327e-06	0.000884372	0	0	1.85333e-05	0	1.57438e-05	0.00491113	0.00491725	0	1.43845e-05	0	0	0.00119926	1.22449e-05	0	0	0	0	0	0	0	0	0	0	1.25371e-05	0	0	0	0	0	0	0	0	0	0	0	0	0	0	0	0	0	0	0	0	0	0	0	0	0	0	0	0	0	0	0	0	0	0	0	0	0	0	0	0	0	0	0	0	0	0	0	0	0	0	0	0
d2_4	0.00640845	0	1.262e-05	2.06001e-05	1.21573e-05	6.09256e-06	7.00659e-06	4.37024e-05	1.09112e-05	1.75615e-06	1.14067e-05	1.92326e-05	2.31583e-06	2.25764e-07	1.99034e-05	9.38547e-06	3.60823e-06	3.45184e-06	0	0.000378163	1.58525e-05	0	3.25079e-06	4.42546e-06	5.74569e-06	0	0	0	1.23481e-05	0.000341643	0.000650882	0	1.02776e-05	6.66741e-06	0	0	0.00119871	0	0	0	0	0	0	0	0	0	0	9.12511e-06	0	0	0	0	0	0	0	0	0	0	0	0	0	0	0	0	0	0	0	0	0	0	0	0	0	0	0	0	0	0	0	0	0	0	0	0	0	0	0	0	0	0	0	0	0	0	0	0	0	0	0	0	0	0
d2_5	0.0103239	4.41491e-06	1.05402e-05	0	1.59896e-05	8.24337e-06	0.000779409	1.45749e-05	1.83475e-05	2.04092e-05	0.000560824	1.98087e-05	2.27264e-05	0.00458578	0	8.7534e-06	1.04524e-05	0.00509425	0	3.1395e-05	1.62455e-06	0	6.16319e-06	2.13163e-05	0	1.31271e-05	0	3.72736e-06	0.000686444	0.000650882	0	0.00455617	0.00097981	0	0	6.30268e-07	0	0	0	4.26008e-06	0	3.2314e-06	0	0	0	0	0	0	0	0	0	0	0	0	0	0	0	0	0	0	0	0	0	0	0	0	0	0	0	0	0	0	0	0	0	0	0	0	0	0	0	0	0	0	0	0	0	0	0	0	0	0	0	0	0	0	0	0	0	0	0	0
d2_6	0.00416243	1.984e-05	3.69671e-06	0.000701716	0.000592948	0	1.60864e-05	2.02506e-05	1.0769e-07	5.02637e-06	1.28545e-05	2.50704e-05	0	5.91578e-06	3.52278e-06	1.08224e-05	6.40238e-07	0	0.00175867	0	0	8.76036e-07	0	0	1.0534e-07	0	1.95907e-06	2.37981e-05	0	0.0045575	0	4.16125e-06	0	0	0	1.00985e-05	0	0	6.78617e-06	0	0	0	0	0	9.33427e-06	0	0.000545251	0	0	0	0	0	0	0	0	0	0	0	0	0	0.00391456	0	0	0	0	0	0	0	0	0	0	0	0	0	0	0	0	0	0	0	0	0	0	0	0	0	0	0	0	0	0	0	0	0	0	0	0	0	0	0	0	0
d2_7	0.00270674	1.5738e-05	6.0555e-06	6.4759e-05	5.85659e-06	0	6.2961e-06	0	5.99195e-06	2.56566e-05	0.000659841	0.00120203	4.37143e-06	0.000360097	1.24183e-05	0.00456481	0.00456697	6.00043e-07	1.62524e-05	4.10601e-06	2.09695e-06	3.32228e-05	2.98183e-06	0.00456984	0	6.45391e-06	6.16581e-06	4.10329e-05	0	0	0	0	0.000209424	0	0	0.000338796	2.08104e-05	1.58418e-06	0	0	0	0	0	0	0	0	0	0	0	0	0	0	0	0	0	0	4.00121e-06	0	0	2.92319e-05	0	0.000979752	0	0	0	0	0	0	0	0	0	0	0	0	0	0	0	0	0	0	0	0	0	0	0	0	0	0	0	0	0	0	0	0	0	0	0	0	0	0	0	0
d2_8	0.00430453	4.56916e-05	6.9313e-06	1.7807e-05	3.8297e-05	3.38238e-05	4.05531e-06	0.000565506	0.00491619	0	1.56426e-05	8.12343e-06	3.79571e-06	0	4.17169e-05	1.04357e-06	0.00457107	0.000998641	1.01512e-05	4.19817e-05	2.74605e-06	0.000665955	0	8.08134e-06	0.00098623	3.13624e-05	4.96545e-07	5.95757e-06	0	0.000340604	1.82107e-05	0.000984858	0	0	9.52243e-08	0.00099091	0	1.01554e-05	8.10045e-06	0	0.000650882	0	0	0	0	0	0	0	0.000650882	0	0	0	0	0	0	0	0.000343724	0	0	0	0	0	0	0	0	0	0	0	0	0	0	0	0	0	0	0	0	0	0	0	0	0	0	0	0	0	0	0	0	0	0	0	0	0	0	0	0	0	0	0	0	0
d2_9	0.00143166	1.71966e-05	0	5.02887e-06	1.12429e-06	6.96267e-06	0.000168012	7.35107e-06	2.58312e-05	0.000195265	1.40235e-05	9.37747e-06	0.000650882	0.00101433	2.0098e-05	0	2.10388e-05	2.17693e-06	6.76281e-06	8.39303e-06	0.00100883	5.5922e-06	7.422e-06	0.00116349	0	7.34978e-06	2.2541e-05	5.86034e-07	1.45848e-05	0	2.79532e-06	0	0	1.12786e-05	0	0	0	0.00508478	5.74847e-06	0	2.10484e-05	0	0	0	5.98145e-06	0	0.000330728	0	0	4.26348e-06	0	0	0	0	0	0	0	0	0	0	0	0	2.55258e-06	0	0	0	0	0	0	0	0	0	0	0	0	0	0	0	0	0	0	0	0	0	0	0	0	0	0	0	0	0	0	0	0	0	0	0	0	0	0	0
d2_10	0.000820469	0.00101928	3.95451e-05	2.33369e-06	8.79904e-06	2.94465e-06	0	1.65356e-05	0.000193614	0	1.92645e-06	1.94487e-05	5.12037e-06	2.48079e-07	0	0	7.10924e-06	0	0	1.79865e-06	1.16451e-05	1.91822e-06	0	0	7.31676e-07	0.00488369	0	0	0	0	0.00118473	9.67111e-06	0	0	0	0	0	0	0	0	0	5.90315e-06	0	0	0	0	0	0	0	0	0	0	0	0	0	0	0	0	0.000334703	0	0	0	0	0	0	0	0	0	0	0	0	0	0	0.00455617	0	0	0	0	0	0	0	0	0	0	0	0	0	0	0	0	0	0	0	0	0	0	0	0	0	0	0	0
d2_11	0.00113682	1.2304e-05	9.34352e-06	0.000231936	9.96225e-06	1.5204e-05	2.15317e-05	2.88196e-06	1.36355e-05	0	1.82983e-06	2.74218e-06	1.93505e-07	1.60282e-05	0	1.47171e-05	0	1.34379e-05	2.2597e-05	3.18967e-05	4.43801e-07	0.000157422	9.01977e-07	2.8516e-06	0.00117159	0.000226365	0	0	0	0	0	9.28412e-06	9.91536e-07	1.05193e-06	0	0	0	2.47896e-06	0	0.00522688	0	0	4.11122e-05	0	0	0	0.000353155	0	0	0	0	0	0	0	0.000657261	0.000998605	0	0	0	0	0.000659182	0	0	0	0	0	0	0.000335432	0	0	0	0	0	0	0	0	4.13166e-06	0	0	0	0.000996991	0	0	0	0	0	0	0	0	0	0	0	0	0	0	0	0	0	0	0	0	0
d2_12	0.00217758	1.83072e-05	1.934e-06	2.49436e-05	0.000368281	3.19756e-06	0	0	0.00611545	0.00123647	1.51927e-06	1.58556e-05	0	0	4.34792e-06	0	0.000650882	2.97651e-05	1.31067e-06	0.000650882	0	0	1.47703e-05	3.84186e-06	0	0	7.64522e-06	0	0	1.14819e-05	0	0	0	0	3.51412e-06	0	0	0	0	0.00218789	0	0.00457206	0	0.000660728	0	0	0.000976323	0	0	0	0	0	0.00455617	0	0	0	0	0	1.32631e-05	0	0	0	0	0	0	7.32611e-06	0	0	0	0	0	0.00119683	0	0	0	0	0	0	0	0	0	0	0	0	0	0	0	0	0	0	0	0	0	0	0	0	0	0	0	0	0	0
d2_13	0.000768593	3.60634e-05	0.000363109	3.25203e-05	0.00459526	1.31405e-05	0	0	0	0.00589758	1.88413e-06	0	1.5191e-05	0	2.96498e-06	0	6.5608e-06	2.1958e-06	1.79438e-05	0	2.03941e-06	0	0	0.000524016	0	0	0	0	0	0	0	1.73181e-05	0	0.000546818	0	0	0	0	0	0	0	0	0	0	0	0	0	0	0	0	0	0	0	0	0	0	0	0	0	0	0	0.000325441	0	0	0	0	0	0.00033294	1.24626e-05	0	0	0	0	0	0	0	0	0	0	0	0	0	0	0	0	0	0	0	0	0	0	0	0	0	0	0	0	0	0	0	0	0
d2_14	0.000526163	9.59623e-06	1.33025e-05	1.50855e-05	0	1.44635e-06	0	0	3.16733e-06	3.12364e-05	0.0010218	7.96304e-06	0	1.00259e-06	0.00100451	5.09037e-06	0	7.19498e-06	4.7341e-06	8.17476e-06	0	0	0	0	4.89898e-06	2.38459e-06	9.6653e-06	0.000544905	0	9.93218e-06	0	0	0	0	0	3.30112e-06	0	0	0	0	0	0	1.01563e-06	0	0	0	0	0	0	0.00455617	0	0	0	0	0.000355698	0	0	0	0	0	0	0	0	9.80182e-06	2.7701e-06	0	0	0	0	0	0	0	0	0	0	0	0	0	0	0	0	0	0	0	0	0	2.35712e-06	0	0	0	0	0	0	0	0	0	0	0	2.92728e-06	0	0	0
d2_15	0.000325781	3.59638e-05	1.3689e-05	3.4849e-06	2.36453e-06	2.63952e-06	3.0699e-06	3.82568e-06	0	8.2189e-06	2.35812e-05	0	2.45804e-05	0	1.54e-05	7.47254e-06	0	4.60271e-06	0	0	0	0.000679926	0	0	0	0	0	0	0.000656851	0	0	1.40878e-05	0	0	0	0	0	0	0	0	0	0	0	0	0	0	0	0.000342265	0	0	0	0	0	0	0	0	0	0	0	0	0	0	0	0	0	0	0	0.000985377	0	0	0	0	0	0	0	0	0	0	0	0	0	0	0	0	0	0	0	0	0	0	0	0	0	0	0	0	0	0	0	0	0	0
d2_16	0.00119963	1.44786e-05	2.51826e-06	1.06337e-05	0	7.99297e-06	4.93261e-06	1.28982e-05	4.96715e-05	0	7.08808e-07	0	0	0	4.19551e-06	4.78755e-06	6.89578e-06	7.17138e-06	0	3.30606e-06	0	0	0	8.04439e-06	0	0	0	1.59289e-05	0	0.00035376	4.98897e-06	0	0	0	4.99998e-06	0	0	6.34427e-06	4.09387e-06	1.56188e-05	0	0.00458373	0	0.00488958	0	0	0	0	0	0	0.00392955	0	0.000650882	0.00488161	0	0	0	0	0	0	0	0	0	0	0	0	0	0	0	0	0	0	0	0	0	0	0	0	0	0	0	0	0	0	0.000343006	0	0	0	0	0	0	0	0	0	0	0	0	0	0	0	0	0
d2_17	0.000881347	0.000663169	0	1.0541e-05	1.04558e-05	0	0	1.73628e-05	0	0.000159521	1.72182e-05	0	0.000195265	1.66157e-05	0	0	9.0862e-06	0	1.16442e-05	8.74763e-06	0	0	0	0	0	1.21789e-05	0	0	0	0.00457166	0	0	0	0.00035689	0	0	0	4.19454e-06	0	0	0	0	0	0	0	0	0	0	2.29669e-05	0	0	0	0	0	0	0	0	0	0.000978133	0	0	0	6.73811e-06	0	0	0	0	0	0	0	0	0	0	0	0	0	0	0	0	0	0	0	0	0	0	0	0	0	0.000650882	0	0.000325441	0	0	0	0	0	0	0	0	0	0	0
d2_18	0.000882992	1.66733e-05	1.02619e-05	3.46667e-05	0	0	6.82823e-06	7.38051e-06	7.59036e-06	0	0.000998751	8.23383e-06	0.00490207	0	3.24515e-06	0.000546135	0	0.00456126	0	0	0	0	0	0.000687816	0.00102162	0.000682983	0	0	0	0	0	0	0	0	0.000340529	0	0	0	0	0	0	0	0	0	0	0	0	0	0	0	0	0	0	0	0	0	0	0	0	0	0	0	0.000350044	4.41505e-06	0	0	0	0	0	0	0	0	0	0	0	0	0	0	2.72792e-06	0	0	0	0	0	0	0	0	0	0	0	0	0	0	0	0	0	0	0	0	0	0	0
d2_19	0.000448086	0	1.02981e-05	1.13328e-05	1.03811e-05	2.9668e-06	2.36802e-05	0	0.00101299	0	1.84192e-05	0	0	0	0	8.27301e-06	0.0003502	4.84731e-06	0	0	0	8.59717e-06	0.00109406	0	4.90874e-06	0	0	0.000223811	0	0	0	0	0	0	0	0	0	6.71819e-06	0	0	0	0	0	0	0	0	0	0	0.000650882	0	0	0.00118437	0.000342591	0	0.00455917	0	0	0	0	0	0	0	0.000672631	4.99965e-06	0	0	0	0	4.89865e-07	0	0	0	0	0	0	0	0.00065382	0	0	0	0	0	0	0	0	0	0	0	0	0	0	0	0	0	0	0	0	0	0	0	0	0
d2_20	0.000833481	1.72469e-05	8.47701e-06	0	3.62858e-06	2.14354e-05	0	0.00492045	3.96814e-06	0	3.65618e-05	3.67912e-06	0	0.000562818	0	0	0	0	0	1.02791e-05	0.00393728	0	4.13774e-06	0	0	0.000650882	0	0	0	0	0	0	0	0	0	0.000650882	0	0.00099517	0	0	0	0	0	0	0	0	0	0	0	0	0	0.000651788	1.20463e-06	0	0.000650882	0	0	0	0	0	0	0	0	0	0	0	0.000650882	0	0	0.00457069	0	0.00034075	0	2.89371e-06	0	0	0	0	0	0	0	0	0	0	0	0	0	0	0	0	0	0	0	0	0	0	0	0	0	0	0	0
d2_21	0.000143738	1.92603e-06	1.44393e-05	1.90843e-05	1.12003e-05	3.4917e-06	2.47493e-05	6.42175e-06	0	0	0	0.000673104	0	0.0010059	0	0	2.52472e-06	0.000678569	0	0	0	0	0	0	0	0	0	0	1.19363e-05	0	0	0	0.00456472	0.000657678	0	0	0	0	0	0.000200429	0.000676177	0	0	0	0	0	0	0	0	0	0	0	0	0	0	0.000656142	0	0	0	0	0	0.00100014	0.00455617	0	0	0	0	0	0	0	0	0	0	0	0	0	0	0	0	0	0	0	0	0	0	0	0	0	0	0	0	0	0	0	0	0	0	0	0	0	0	0
d2_22	0.000126525	0	0	1.15391e-05	0	3.66274e-06	9.35956e-06	8.77902e-06	0	0.000523692	1.35739e-05	0	0	0	0	0.000999289	0	0	0	0.00459014	0	3.97543e-06	0	0	2.03608e-05	0	0	0	0	3.37667e-06	0.000657025	0	0	0	0	0	0	0.00102699	0	0	4.87018e-06	0	0.00456374	0	2.48786e-05	0	0	0	0	0	0	0.000650882	0	0.00520705	0	0	0	0	0	0	0	0	0	0	0	0	0	0	0	0	0	0	0	0	0	0	0	0	0	0	0	0	0	0	0	0	0	0	0	0	0	0	0	0	0	0	0	0	0	0	0	0
d2_23	0.00520279	0	0	6.20076e-06	0	0	0	0	2.18321e-05	0	2.56112e-06	0.00100743	1.65639e-05	0	0	3.74687e-06	0	0	7.99524e-07	0	0	3.51811e-06	4.77215e-06	0.00455793	0.000356737	0	0	0	0	0.000223244	0	4.06816e-06	0	3.18058e-06	0	0.000325441	0	0	1.16428e-05	0.000650882	0	0	0	0	0	0	0	0	0	0	0	0	0	0	0	0	0	0	0	0.00130206	0	0	0.000329516	0	0	0	0	0	0	0	0	0	0	0	0	0	0	0	0	0	0	0	0	0.000989509	0	0	0	0	0	0	0	0	0	0	0	0	0	0	0	0	0	0
d2_24	6.27717e-05	1.62902e-05	0	0	0	0	0	0	0	4.96023e-06	5.54665e-06	0.000222792	0	0	0	2.93657e-06	0	0	2.85608e-05	0	0	0.000326975	0.00489631	0	0	0	0	1.78951e-05	0	0	0	0	0	0.000650882	0	0	0	8.87442e-06	0	0.000650882	1.26682e-06	0	0.000545278	0	0	0	0	0	0	0	0	0	0	0	0	0	0	0	0	0	0.000650882	0	0	0	0	0	0	0	0	0	0	0	0	0	0	0	0	0	0	0	0	0	0	0	0	0	0	0	0	0	0	0	0	0	0	0	0	0	0	0	0	0
d2_25	0.000540741	6.53668e-06	2.6792e-06	1.1334e-05	0	5.66101e-06	0	1.34223e-05	5.39961e-06	1.12329e-05	8.42769e-06	1.11488e-05	0.00491278	0	0.000680367	8.93789e-06	1.97386e-06	0.000673589	1.56598e-05	0	0.000542892	0	0	0	0	4.09293e-06	0	0	0	0	0.000981841	0.00164844	3.94089e-06	0	0	0	0	0	0.000660039	0	0	0	0	0	0	0	1.40265e-05	0	0	0	0	0	0	0	0	0	0	0	0	0	0	0	0	2.43004e-06	0.00455617	0	0	0	0	0	0	0	0	0	0	0	0	0	0	0	0	0	0	0	0	0	0	0	0	0	0	0	0	0	0	0	0	0	0	0	0	0
d2_26	0.000492929	4.94328e-06	0.00100037	6.92753e-06	1.00214e-05	1.08383e-06	4.60555e-06	7.96773e-06	0	0.000351785	0	0	0.000695368	0	0	7.67169e-07	6.0863e-06	1.47144e-05	0	0.000212223	0	2.49041e-05	0	0	0	0.0049153	0.00022025	0	0	0	0	0	5.64505e-07	0	0	0	2.83857e-06	0	4.98018e-06	0	0	0.00587948	0	0.000650882	0	0	0	0	0	0	0	0	0	0	0	0	0	2.56221e-06	0	0	0	0	1.15038e-05	0	0	0	0	0	0	0	0	0	0	0	5.56096e-06	0	0	0	0	0	0	0	0	0	0	0	0	0	0	0	0	0	0	0	0	0	0	0	0	0	0	0
d2_27	5.52166e-05	0	0	2.11003e-06	0	1.94959e-05	0.000543327	2.56913e-05	1.29927e-05	0	1.08417e-05	0.000999219	0	0	0	0	0	0.00118795	0.00392991	0	0	0	6.35963e-06	0.00132233	9.11264e-06	0	0	2.78414e-06	0	0	0.000229279	0.00098202	0	0	0	0	0	0	0.000544731	0	0	0.00073976	0	0	0	0.00455617	0	0	2.1843e-05	0	0.000661128	0	0	0	0	0	0	0	0.000984204	0	0	0	0	0	0.00130596	0	0	0	0	0	0	0	0	0	0	0	0	0	0	0	0	0	0	0	0	0	0	0	0	0	0	0	0	0	0	0	0	0	0	0	0	0
d2_28	0.00502402	0	6.26177e-06	2.08583e-06	0.000153592	2.64027e-06	0	1.23974e-05	3.44617e-06	0	0	1.37936e-05	0.000520705	0.000334404	0	0	0	0	7.85188e-07	0	4.18791e-06	0	0	2.06155e-05	0	0	0	0	3.51806e-06	0	0.000343232	0	0	0	1.13866e-05	0	3.14424e-06	0	0	9.78247e-06	7.55059e-06	0	0	0	0	0	0	4.56853e-06	0	0	0	0	0	0.000976323	8.67027e-06	0	0	0	0	4.86967e-06	0	0	0	0	0	0	0	0	0	0.00488161	0	0	1.34805e-05	0	0	0	0	0	0	0	0	0	0	0	0	0	0	0	0	0	0	0	0	0	0	0	0	0	0	0	0	0
d2_29	6.17918e-05	0	0	1.95205e-06	0	0	0	0.00100517	0	0	4.03686e-06	0	0.000219208	2.33914e-05	0	4.31598e-05	0	0	2.02031e-06	0	0	0	0	0	0	0	0	0	0	0	0	0	0	0	0	0	0	0	0	0	0	0	0	0	0	0	0	0	0	0	0	0	0	0	0	0	0	0	0	0	0	0.00457179	0	0	0	0	0	0	0	0	0	0	0	0	0	0	0	0	0	0	0	0	0	0	0	0	0	0	0	0	0	0	0	0	0	0	0	0	0	0	0	0
d2_30	5.72963e-05	0	0	0	0	0	3.71588e-06	0	7.02502e-06	0	0	1.75825e-05	0	0	0.00488161	0	0	0	1.72826e-06	0	0	0	0	0.000350365	0	0	0	0.000676361	0.000344884	0	0	0.0010019	0.00489758	0	0.00391413	0	0	1.63359e-05	0	0	0	0	0	0.000533498	0	0	0	0	0	0	0	0	0	0	0	0	0	0	9.39314e-07	0	0	0	0	0	0	0	0	2.29051e-07	0	0	0	0	0	0.000336067	0	0	0	0	0	0	0	0	0	0	0	0	0	0	0	0	0	0	0	0	0	0	0	0	0	0	0	0
d2_31	0.00067974	0	0	3.34765e-06	3.03856e-06	0	0	0	0	0	0	0	0	0	0	4.68014e-06	0	3.59582e-07	0	0	0	2.12608e-05	0	0	1.08427e-06	2.59979e-06	0	0.00488311	0	7.37752e-06	0	4.50746e-06	0	0	0.00132236	0	0	0	0	0	0	0	0	0	0	0	0	0	0	0	0	0	0	0	0	0	0	0	0	0	0	0	0.00455617	0	0	0	0	0	0	0	0	0	0	0	0	0	0	0	0	0	0	0	0	0	0	0	0	0	0	0	0	0	0	0	0	0	0	0	0	0	0	0
d2_32	0.000745976	0	9.42076e-07	0	0	0	0	0	0	0	7.24118e-06	0	0	0	0	0	0.0010107	8.6324e-06	9.41513e-07	0	0	1.62346e-05	0	0	0	0	0	0	1.10816e-05	0	0	0	0.000672045	0	0	0	0	0	0	0	0.000668551	0	0	0.00455617	0	0	0	0.000650882	0.000650882	0	0	0	0	0	0.000218648	0	0	0	0.000332806	0	0	0	0	0	0	0	0	0	0	0	0	0	0	0	0	0	0	0	0	0	0	0	0	0	0	0	0	0	0	0	0	0	0	0	0	0	0	0	0	0	0	0
d2_33	2.02553e-05	0	0	3.81722e-06	0.000665656	9.94388e-07	0	7.73619e-07	0	1.42305e-05	0	0	0	0.00488758	0	1.89584e-07	0	0	0	1.91854e-06	0	0	0	0	0	0	0	0	0	3.60804e-06	0	0	0	0	0	0.00455617	0	0	0	5.80287e-06	1.04559e-05	3.99661e-06	0	0.00490307	2.16515e-06	0	0	0	0	0	7.19771e-07	0	0.000650882	0	0	0.000325441	0.000650882	0	0	0	0	0	0	0	0	0	0	0	0	0	0	0	0	0	0	0	0	0	0	0	0	0	0	0	0	0	0	0	0	0	0	0	0	0	0	0	0	0	0	0	0	0
d2_34	0.000568422	0	2.06378e-05	0	0	0.000540173	0	0	0	2.0272e-05	0	0	0	0	0	0	0.000331898	0	5.87493e-06	5.70127e-06	0	0	0	0	0	0	0	0	0	6.84903e-07	1.01515e-05	0.000996121	0	0	0	0	0	0	0	0	0	0	0	1.85448e-05	0	2.94914e-06	7.95397e-07	0	0	0	0	0	0	0	0	0	0	3.18473e-07	0	0	0	0	0	0	0	0	0	0	0	0	0	0	0	0	0	0	0	0	0	0	0	0	0	0	0	0	0	0	0	0	0	0	0	0	0	0	0	0	0	0	0	0
d2_35	1.89382e-05	0	0	1.25435e-06	1.35343e-05	5.32278e-07	8.74147e-06	0	0	0	0.000341486	0	0	0	0	1.68045e-05	0	0	1.63538e-05	0	0	4.25723e-06	0	0	2.4419e-06	0	0	0	0	0	0	0	0	0	0	0	0	1.07129e-06	0	0	2.41509e-05	0.000202677	0	0	0	0	0	0	0	0	0	0	0	0	0.000540703	0	0	0	0	0	0.00488161	0	0	0	0	0	5.35213e-06	0	0	0	0	0	0	0	0	0	0	0	0	0	0	0	0	0	0	0	0	0	0	0	0	0	0	0	0	0	0	0	0	0	0	0
d2_36	3.59772e-05	0	0	1.30407e-06	0	0	0.000355928	7.27495e-06	0	0	0.00491077	9.76444e-06	0	0	0	0	0	0.000656362	9.65579e-07	0	1.35802e-05	0	0	0	0	0	0	0	0	0	0	0	0	3.24937e-06	3.54086e-06	0.000992845	0	0	0	0	0	0	0	2.86199e-06	0	0	0	0	0	0	0	0	0	0	0	0	0.00392877	0	0	0	0.000650882	0	0	0	0	0	0	0	0	0	0	0	0	0	0	0	0	0	0	0	0	0	0	0	0	0	0	0	0	0	0	0	0	0	0	0	0	0	0	0	0	0
d2_37	1.65357e-05	0	0	0	0	0	0	0	1.33116e-05	0	0.000345305	0	0	0	0	0	0	0	0	0	0.000650882	0	0	0	0	0.00455617	0	3.72395e-06	0	2.68752e-05	0	0	0.000218157	0	0	3.0762e-05	0	0	0	0	0	0	0.000328406	0.000976323	0	0	0	0	0	0	0	0	0	0	0.000344429	0	0	0	0	0	0	0	0	0	0	0	0	0	0	0	0	0	0	0	0	0	0	0	0	0	0	0	0	0	0	0	0	0	0	0	0	0	0	0	0	0	0	0	0	0	0	0
d2_38	3.73657e-05	0	0	0	0	0	0	0	0	0	0	7.7737e-07	0.00457781	0	1.87883e-05	0.00456748	0	7.90069e-06	1.51863e-05	0	0	5.11152e-06	0	0	0	0	0.0039229	0	0	0.0048851	0	0	2.17877e-05	0.000325441	0	0.00488161	1.25705e-05	0	0	0	0	1.32486e-05	0	0.00393317	0	0	0	0	0.000993122	0	0.000141204	0	0	0	0	0	0	0	0	0	0	0	0	0	0	0	0	0	0	0	0	0	0	0	0	0	0	0	0	0	0	0	0	0	0	0	0	0	0	0	0	0	0	0	0	0	0	0	0	0	0	0
d2_39	1.23904e-05	0	3.19018e-06	0	1.01233e-05	1.7546e-05	0	0	8.48868e-06	1.51777e-06	0	0	0	0.000348494	0	0	1.70809e-06	0	5.33374e-06	0.00455617	0	0	0	0	0	0	0	0	0	0	0	0	0	0	0	0	0	0	0.000333458	0	0	0	0	0	0	0	0	0.000650882	0	0	0	0	0	0	0	0	0	0	0	0	0	0	0	0	0	0	0	0	0	0	0	0	0	0	0	0	0	0	0	0	0	0	0	0	0	0	0	0	0	0	0	0	0	0	0	0	0	0	0	0	0	0
d2_40	3.43346e-06	0	0	1.85687e-05	0	3.36044e-06	0	0	0	0	0	5.84341e-06	0	0	1.83926e-06	0	0	0	1.02468e-06	0	0	0	0.000661606	0	2.75568e-06	0.000345121	0	0	0	0	0	0	2.63864e-05	0	0	0	0	0	0	0	0	0	0	0.00132286	0	0	0	0	0	0	7.73036e-06	0	0	0	0	0	0	0	0	0	0	0	0	0	0	0	0	0	0	0	0	0	0	0	0	0	0	0	0	0	0	0	0	0	0	0	0	0	0	0	0	0	0	0	0	0	0	0	0	0	0	0
d2_41	3.41324e-05	2.93569e-05	0	2.74688e-06	0	0	0	0	0	0	9.34197e-06	0	0	0	0	0	0	9.79521e-06	0	0	0	0	0	0	0	0	0	0	0	0	0	0.000650882	0	0	0.00489797	0	0	0	0	0	0	0	0	0	0	0	0	0	0	0	0	0	0	0	0	0	0	0	0	0	0	0	0	0	0	0	0	0	0	0	0	0	0	0	0	0	0	0	0	0	0	0	0	0	0	0	0	0	0	0	0	0	0	0	0	0	0	0	0	0	0	0
d2_42	0.000365693	0	0	1.68095e-05	0	9.01102e-06	0	0	0.00120347	0	0	0	0.000650882	0	0	0	2.95953e-05	0	5.22538e-06	0	0	0	0	0	0	2.53221e-06	0	0	0.00488161	0	0	0.00490451	0	0	0	0	0	0	0	0	0	0	3.78354e-06	0	0	0	0	0	0	0	0	0	0	0	0	0	0	0	0	0	0	0	0	0	0	0	0	0	0	0	0	0	0	0	0	0	0	0	0	0	0	0	0	0	0	0	0	0	0	0	0	0	0	0	0	0	0	0	0	0	0	0
d2_43	8.12546e-07	6.00131e-06	0	2.66679e-06	0	0	0	0	0	0	0	0	0	0	0	0	0	0	0	0	0	0	0	0	1.29722e-05	0.000976323	0	0	0	3.2498e-05	0.000976815	0.00489286	0	0	0	0	0	0.000325441	0	0	0	0	0	0	0	0	0	0	0	0	0	0	0	0	0.000650882	0	0	0	0	0	0	0	0	0	0	0	0	0	0	0	0	0	0	0	0	0	0	0	0	0	0	0	0	0	0	0	0	0	0	0	0	0	0	0	0	0	0	0	0	0	0	0
d2_44	0	0	0	0	0	0	0	0	0	0	0	0	0	0	0	0	0	0	0	0	0	0	0	0	0.000976323	0	0	0.000988871	0	0	0	0	0	0	0	0	0	0	0.000650882	0	0	0	0	0.000343918	0	8.73164e-06	0	0	0	0	0	0	0	0	0	0	0	0	0	0	0	0	0	0	0	0	0	0	0	0	0	0	0	0	0	0	0	0	0	0	0	0	0	0	0	0	0	0	0	0	0	0	0	0	0	0	0	0	0	0	0	0
d2_45	1.34559e-05	0	0	2.19627e-05	0	1.23343e-05	9.65452e-07	0.000218715	0	0	1.47507e-05	1.21377e-05	0	0	0.000344588	0	0	0	4.024e-07	5.59744e-06	0	0	0	5.58435e-06	1.15964e-06	0	0	0	0	0	0.000650882	0	0	0.000335414	0	0	0	0	0	0	0	0	0	0.000650882	0	0	0	0	0	0	0	0	0	0	0	0	0	0	0	0	0	0	0	0	0	0	0	0	0	0	0	0	0	0	0	0	0	0	0	0	0	0	0	0	0	0	0	0	0	0	0	0	0	0	0	0	0	0	0	0	0	0
d2_46	1.10017e-05	5.58891e-07	0	0	0	0	0	5.56224e-07	8.29588e-07	0	0	0	0	0	3.68465e-06	2.44388e-05	0	0	0	0	3.35264e-06	0	0	6.92736e-07	0	0	0	0	0.000327104	0	0	0	0	0	8.6672e-07	0	0	0.000349286	0	0	0	0	0	0	0	0	0	0.000195265	0	0	0	0	0	0	0	0	0	0	0	0	0	0	0	0	0	0	0	0	0	0	0	0	0	0	0	0	0	0	0	0	0	0	0	0	0	0	0	0	0	0	0	0	0	0	0	0	0	0	0	0	0	0
d2_47	0	0	0	0	0	1.3241e-05	0	0	0	0	0	0	0	0	0	0	8.79924e-06	0	0	0	0	0	0	0	0	0	0	0	0	0	0	0.000662746	0	0	0	0	0	0	0	0	0	0	0	0	0	0	0	0	0	0	0	0	0	0	0	0	0	0	0	0	0	0	0	0	0	0	0	0	0	0	0	0	0	0	0	0	0	0	0	0	0	0	0	0	0	0	0	0	0	0	0	0	0	0	0	0	0	0	0	0	0	0
d2_48	0	0	0	0	0	3.84253e-06	0	0	0	0	0	0	0.00488161	0	0	0	0	8.23343e-07	0	0	6.06233e-06	0.000210964	0	0	0	1.62753e-06	0.000979644	0	0	0	0	0	0.000345707	0	0	0	0	0.0045776	0	0	0	0	0	0	0	0	0	0	0	0	0	0	0	0	0	0	0	0	0	0	0	0	0	0	0	0	0	0	0	0	0	0	0	0	0	0	0	0	0	0	0	0	0	0	0	0	0	0	0	0	0	0	0	0	0	0	0	0	0	0	0	0
d2_49	1.2017e-05	0	0	2.76458e-05	0	0	0	0	7.41606e-06	0	0	0	0	0	0	0	0	0	0	0	0	0	0	0	0	0	0.00033015	0	0	0	0	0	0	0	0	0	0	0.000662244	0	0	0	0	0	0	0	0.00489085	0	0	0	0	0	0	0	0	0	0	0	0	0	0	0	0	0	0	0	0	0	0	0	0	0	0	0	0	0	0	0	0	0	0	0	0	0	0	0	0	0	0	0	0	0	0	0	0	0	0	0	0	0	0	0	0
d2_50	2.24271e-05	0	0	0	0	0	5.42104e-06	0	0	0	0	0.000549976	0	0.000206247	0	0	3.06106e-06	0	0	0	0	0	0	0	0	0	0	0	0	0	0	0	0	0	0.000976323	0	0	0	0	0	0	0	0	0	0	0	0	0	0	0	0	0	0	0	0	0	0	0	0	0	0	0	0	0	0	0	0	0	0	0	0	0	0	0	0	0	0	0	0	0	0	0	0	0	0	0	0	0	0	0	0	0	0	0	0	0	0	0	0	0	0	0
d2_51	0	0	0	0	0	0	0	0	0	0	0	0	0	1.48755e-05	0	0	0	0	0	0	0	0	0	0	0	0.00394176	0	0	0	0	0	0	0	0	0	0	0	0	0	0	0	0	0	0	0	0	0	0	0	0	0	0	0	0	0	0	0	0	0	0	0	0	0	0	0	0	0	0	0	0	0	0	0	0	0	0	0	0	0	0	0	0	0	0	0	0	0	0	0	0	0	0	0	0	0	0	0	0	0	0	0	0
d2_52	0	0	0	6.00044e-06	0	0	0	0	0	0	0	0	0	1.32035e-07	0	0	0	0	0	0	0	0	0	8.10319e-06	0	0	0	0	0	0.00457818	0	0	0	0	0	0	0	0	0	0	0	0	0	0	0	0	0	0	0	0	0	0	0	0	0	0	0	0	0	0	0	0	0	0	0	0	0	0	0	0	0	0	0	0	0	0	0	0	0	0	0	0	0	0	0	0	0	0	0	0	0	0	0	0	0	0	0	0	0	0	0	0
d2_53	1.10085e-05	0	0	1.03606e-05	0	0	0	0	0	0	0	0	0	0	0	0	0	0	4.47914e-06	0	0	0	6.3178e-06	0	5.01691e-06	0	0	0.000325441	0	0	0.00509217	0	0	0	0	0	0	0	0	0	0	0	0	0	0	0	0	0	0	0	0	0	0	0	0	0	0	0	0	0	0	0	0	0	0	0	0	0	0	0	0	0	0	0	0	0	0	0	0	0	0	0	0	0	0	0	0	0	0	0	0	0	0	0	0	0	0	0	0	0	0	0
d2_54	0	0	0	0	0	0	0	0	0	0	0	0	0	0	3.02616e-05	0	0	0	0	0.000211754	0	0	0	0	0	0	0	0	0	0	0	0	0	0	0	0	0	0	0	0	0	0	0	0	0	0	0	0	0	0	0	0	0	0	0	0	0	0	0	0	0	0	0	0	0	0	0	0	0	0	0	0	0	0	0	0	0	0	0	0	0	0	0	0	0	0	0	0	0	0	0	0	0	0	0	0	0	0	0	0	0	0
d2_55	0	0	0	0	0	0	0	0	0	0	0	0	0	0	0	0	0	0	0	0	0	0	0	0	0	0	0	0	0	0	0	0	0	0	0	0	0	0	0	0	0	0	0	0	0	0	0	0	0	0	0	0	0	0	0	0	0	0	0	0	0	0	0	0	0	0	0	0	0	0	0	0	0	0	0	0	0	0	0	0	0	0	0	0	0	0	0	0	0	0	0	0	0	0	0	0	0	0	0	0	0	0
d2_56	0	0	0	0	0	0	0	0	0	0	0	0	0	0	0	0	0	0	0	0	0	0	0	0	2.03528e-05	0	0	0	0	0	0	0	0	0	0	0	0	0	0	0	0	0	0	0	0	0	0	0	0	0	0	0	0	0	0	0	0	0	0	0	0	0	0	0	0	0	0	0	0	0	0	0	0	0	0	0	0	0	0	0	0	0	0	0	0	0	0	0	0	0	0	0	0	0	0	0	0	0	0	0	0	0
d2_57	0.000668053	0	0	0	0	0	0	0	0	0	0	0	0	0	0	0	0	0	9.53709e-06	0	0	0	0	0	0	0	0	0	0	0	0	0	0	0	0	0	0	0	0	0	0	0	0	0	0	0	0	0	0	0	0	0	0	0	0	0	0	0	0	0	0	0	0	0	0	0	0	0	0	0	0	0	0	0	0	0	0	0	0	0	0	0	0	0	0	0	0	0	0	0	0	0	0	0	0	0	0	0	0	0	0	0
d2_58	0	0	0	0	0	0	0	0	0	0	0	0	0	0	0	0	0	0	0	0	0	0	0	0	0	0	0	0	0	0	0	0.000343388	0	0	0	0	0	0	0	0	0	0	0	0	0	0	0	0	0	0	0	0	0	0	0	0	0	0	0	0	0	0	0	0	0	0	0	0	0	0	0	0	0	0	0	0	0	0	0	0	0	0	0	0	0	0	0	0	0	0	0	0	0	0	0	0	0	0	0	0	0	0
d2_59	5.25013e-06	1.05426e-05	0	0	0	0	0	0	0	0	0	0	0	0	0	0	0	0	0	0	0	0	0	0	0	0	0	0	0	0	0	0	0	0	0	0	0	0	0	0	0	0	0	0	0	0	0	0	0	0	0	0	0	0	0	0	0	0	0	0	0	0	0	0	0	0	0	0	0	0	0	0	0	0	0	0	0	0	0	0	0	0	0	0	0	0	0	0	0	0	0	0	0	0	0	0	0	0	0	0	0	0
d2_60	0	0	0	0	0	0	0	0	0	0	0	0	0	0	0	0	0	0	0	0	0	0	0	0	0	0	0	0	0	0	0	0	0	0	0	0	0	0	0	0	0	0	0	0	0	0	0	0	0	0	0	0	0	0	0	0	0	0	0	0	0	0	0	0	0	0	0	0	0	0	0	0	0	0	0	0	0	0	0	0	0	0	0	0	0	0	0	0	0	0	0	0	0	0	0	0	0	0	0	0	0	0
d2_61	1.08302e-05	0	0	0	0	9.91479e-06	0	0	0	0	4.34862e-06	4.22958e-06	0	0	0	0	0.000650882	0	0	0	0	0	0	0	0	0	1.27035e-05	0	0	0	0	0	0	0	0	0	0	0	0	0	0	0	0	0	0	0	0	0	0	0	0	0	0	0	0	0	0	0	0	0	0	0	0	0	0	0	0	0	0	0	0	0	0	0	0	0	0	0	0	0	0	0	0	0	0	0	0	0	0	0	0	0	0	0	0	0	0	0	0	0	0	0
d2_62	0	0	0	0	0	0	0	0	0	0	0	0	0	0	0	0	0	0	0	0	0	0	0	0	0	0	0	0	0	0	0	0	0	0	0	0	0	0	0	0	0	0	0	0	0	0	0	0	0	0	0	0	0	0	0	0	0	0	0	0	0	0	0	0	0	0	0	0	0	0	0	0	0	0	0	0	0	0	0	0	0	0	0	0	0	0	0	0	0	0	0	0	0	0	0	0	0	0	0	0	0	0
d2_63	7.25369e-07	0	0	0	0	0	0	0	0	0	0	0	0	0	0	0	0	0	0	0	0	0	0	0	0	0	0	0	0	0	0	0	0	0	0	0	0	0	0	0	0	0	0	0	0	0	0	0	0	0	0	0	0	0	0	0	0	0	0	0	0	0	0	0	0	0	0	0	0	0	0	0	0	0	0	0	0	0	0	0	0	0	0	0	0	0	0	0	0	0	0	0	0	0	0	0	0	0	0	0	0	0
d2_64	1.50127e-05	0	0	0	0	0	0	0	0	4.64468e-06	0	0	0	0	0	2.55805e-07	0	0	0	0	0	0	0	0	0	0	0	0	0	0	0	0	0	0	0	0	0	0	0	0	0	0	0	0	0	0	0	0	0	0	0	0	0	0	0	0	0	0	0	0	0	0	0	0	0	0	0	0	0	0	0	0	0	0	0	0	0	0	0	0	0	0	0	0	0	0	0	0	0	0	0	0	0	0	0	0	0	0	0	0	0	0
d2_65	0	1.3136e-05	0	0	0	0	0	0	0	0	0	0	0	0	0	0	0	0	0	0	0	0	0	0	0	0	0	0	0	0	0	0	0	0	0	0	0	0	0	0	0	0	0	0	0	0	0	0	0	0	0	0	0	0	0	0	0	0	0	0	0	0	0	0	0	0	0	0	0	0	0	0	0	0	0	0	0	0	0	0	0	0	0	0	0	0	0	0	0	0	0	0	0	0	0	0	0	0	0	0	0	0
d2_66	0	0	0	0	0	0	0	0	0	0	0	0	0	0	0	0	0	0	0	0	0	0	0	0	0	0	0	0	0	0	0	0	0	0	0	0	0	0	0	0	0	0	0	0	0	0	0	0	0	0	0	0	0	0	0	0	0	0	0	0	0	0	0	0	0	0	0	0	0	0	0	0	0	0	0	0	0	0	0	0	0	0	0	0	0	0	0	0	0	0	0	0	0	0	0	0	0	0	0	0	0	0
d2_67	0	0	0	0	0	0	0	0	0	0	0	0	0	0	0	0	0	0	0	0	0	0	0	0	0	0	0	0	0	0	0	0	0	0	0	0	0	0	0	0	0	0	0	0	0	0	0	0	0	0	0	0	0	0	0	0	0	0	0	0	0	0	0	0	0	0	0	0	0	0	0	0	0	0	0	0	0	0	0	0	0	0	0	0	0	0	0	0	0	0	0	0	0	0	0	0	0	0	0	0	0	0
d2_68	0	0	0	0	0	0	0	0	0	0	0	0	0	0	0	0	0	0	0	0	0	0	0	0	0	0	0	0	0	0	0	0	0	0	0	0	0	0	0	0	0	0	0	0	0	0	0	0	0	0	0	0	0	0	0	0	0	0	0	0	0	0	0	0	0	0	0	0	0	0	0	0	0	0	0	0	0	0	0	0	0	0	0	0	0	0	0	0	0	0	0	0	0	0	0	0	0	0	0	0	0	0
d2_69	0	0	0	0	0	0	0	0	0	0	0	0	0	0	0	0	0	0	0	0	0	0	0	0	0	0	0	0	0	0	0	0	0	0	0	0	0	0	0	0	0	0	0	0	0	0	0	0	0	0	0	0	0	0	0	0	0	0	0	0	0	0	0	0	0	0	0	0	0	0	0	0	0	0	0	0	0	0	0	0	0	0	0	0	0	0	0	0	0	0	0	0	0	0	0	0	0	0	0	0	0	0
d2_70	0	0	0	0	0	0	0	0	0	0	0	0	0	0	0	0	0	0	0	0	0	0	0	0	0	0	0	0	0	0	0	0	0	0	0	0	0	0	0	0	0	0	0	0	0	0	0	0	0	0	0	0	0	0	0	0	0	0	0	0	0	0	0	0	0	0	0	0	0	0	0	0	0	0	0	0	0	0	0	0	0	0	0	0	0	0	0	0	0	0	0	0	0	0	0	0	0	0	0	0	0	0
d2_71	0	0	0	0	0	0	0	0	0	0	0	0	0	0	0	0	0	0	0	0	0	0	0	0	0	0	0	0	0	0	0	0	0	0	0	0	0	0	0	0	0	0	0	0	0	0	0	0	0	0	0	0	0	0	0	0	0	0	0	0	0	0	0	0	0	0	0	0	0	0	0	0	0	0	0	0	0	0	0	0	0	0	0	0	0	0	0	0	0	0	0	0	0	0	0	0	0	0	0	0	0	0
d2_72	0	0	0	0	0	0	0	0	0	0	0	0	0	0	0	0	0	0	0	0	0	0	0	0	0	0	0	0	0	0	0	0	0	0	0	0	0	0	0	0	0	0	0	0	0	0	0	0	0	0	0	0	0	0	0	0	0	0	0	0	0	0	0	0	0	0	0	0	0	0	0	0	0	0	0	0	0	0	0	0	0	0	0	0	0	0	0	0	0	0	0	0	0	0	0	0	0	0	0	0	0	0
d2_73	0	0	0	0	0	0	0	0	0	0	0	0	0	0	0	0	0	0	0	0	0	0	0	0	0	0	0	0	0	0	0	0	0	0	0	0	0	0	0	0	0	0	0	0	0	0	0	0	0	0	0	0	0	0	0	0	0	0	0	0	0	0	0	0	0	0	0	0	0	0	0	0	0	0	0	0	0	0	0	0	0	0	0	0	0	0	0	0	0	0	0	0	0	0	0	0	0	0	0	0	0	0
d2_74	0	0	0	0	0	0	0	0	0	0	0	0	0	0	0	0	0	0	0	0	0	0	0	0	0	0	0	0	0	0	0	0	0	0	0	0	0	0	0	0	0	0	0	0	0	0	0	0	0	0	0	0	0	0	0	0	0	0	0	0	0	0	0	0	0	0	0	0	0	0	0	0	0	0	0	0	0	0	0	0	0	0	0	0	0	0	0	0	0	0	0	0	0	0	0	0	0	0	0	0	0	0
d2_75	0	0	0	0	0	0	0	0	0	0	0	0	0	0	0	0	0	0	0	0	0	0	0	0	0	0	0	0	0	0	0	0	0	0	0	0	0	0	0	0	0	0	0	0	0	0	0	0	0	0	0	0	0	0	0	0	0	0	0	0	0	0	0	0	0	0	0	0	0	0	0	0	0	0	0	0	0	0	0	0	0	0	0	0	0	0	0	0	0	0	0	0	0	0	0	0	0	0	0	0	0	0
d2_76	0	0	0	0	0	0	0	0	0	0	0	0	0	0	0	0	0	0	0	0	0	0	0	0	0	0	0	0	0	0	0	0	0	0	0	0	0	0	0	0	0	0	0	0	0	0	0	0	0	0	0	0	0	0	0	0	0	0	0	0	0	0	0	0	0	0	0	0	0	0	0	0	0	0	0	0	0	0	0	0	0	0	0	0	0	0	0	0	0	0	0	0	0	0	0	0	0	0	0	0	0	0
d2_77	0	0	0	0	0	0	0	0	0	0	0	0	0	0	0	0	0	0	0	0	0	0	0	0	0	0	0	0	0	0	0	0	0	0	0	0	0	0	0	0	0	0	0	0	0	0	0	0	0	0	0	0	0	0	0	0	0	0	0	0	0	0	0	0	0	0	0	0	0	0	0	0	0	0	0	0	0	0	0	0	0	0	0	0	0	0	0	0	0	0	0	0	0	0	0	0	0	0	0	0	0	0
d2_78	0	0	0	0	0	0	0	0	0	0	0	0	0	0	0	0	0	0	0	0	0	0	0	0	0	0	0	0	0	0	0	0	0	0	0	0	0	0	0	0	0	0	0	0	0	0	0	0	0	0	0	0	0	0	0	0	0	0	0	0	0	0	0	0	0	0	0	0	0	0	0	0	0	0	0	0	0	0	0	0	0	0	0	0	0	0	0	0	0	0	0	0	0	0	0	0	0	0	0	0	0	0
d2_79	0	0	0	0	0	0	0	0	0	0	0	0	0	0	0	0	0	0	0	0	0	0	0	0	0	0	0	0	0	0	0	0	0	0	0	0	0	0	0	0	0	0	0	0	0	0	0	0	0	0	0	0	0	0	0	0	0	0	0	0	0	0	0	0	0	0	0	0	0	0	0	0	0	0	0	0	0	0	0	0	0	0	0	0	0	0	0	0	0	0	0	0	0	0	0	0	0	0	0	0	0	0
d2_80	0	0	0	0	0	0	0	0	0	0	0	0	0	0	0	0	0	0	0	0	0	0	0	0	0	0	0	0	0	0	0	0	0	0	0	0	0	0	0	0	0	0	0	0	0	0	0	0	0	0	0	0	0	0	0	0	0	0	0	0	0	0	0	0	0	0	0	0	0	0	0	0	0	0	0	0	0	0	0	0	0	0	0	0	0	0	0	0	0	0	0	0	0	0	0	0	0	0	0	0	0	0
d2_81	0	0	0	0	0	0	0	0	0	0	0	0	0	0	0	0	0	0	0	0	0	0	0	0	0	0	0	0	0	0	0	0	0	0	0	0	0	0	0	0	0	0	0	0	0	0	0	0	0	0	0	0	0	0	0	0	0	0	0	0	0	0	0	0	0	0	0	0	0	0	0	0	0	0	0	0	0	0	0	0	0	0	0	0	0	0	0	0	0	0	0	0	0	0	0	0	0	0	0	0	0	0
d2_82	0	0	0	0	0	0	0	0	0	0	0	0	0	0	0	0	0	0	0	0	0	0	0	0	0	0	0	0	0	0	0	0	0	0	0	0	0	0	0	0	0	0	0	0	0	0	0	0	0	0	0	0	0	0	0	0	0	0	0	0	0	0	0	0	0	0	0	0	0	0	0	0	0	0	0	0	0	0	0	0	0	0	0	0	0	0	0	0	0	0	0	0	0	0	0	0	0	0	0	0	0	0
d2_83	0	0	0	0	0	0	0	0	0	0	0	0	0	0	0	0	0	0	0	0	0	0	0	0	0	0	0	0	0	0	0	0	0	0	0	0	0	0	0	0	0	0	0	0	0	0	0	0	0	0	0	0	0	0	0	0	0	0	0	0	0	0	0	0	0	0	0	0	0	0	0	0	0	0	0	0	0	0	0	0	0	0	0	0	0	0	0	0	0	0	0	0	0	0	0	0	0	0	0	0	0	0
d2_84	0	0	0	0	0	0	0	0	0	0	0	0	0	0	0	0	0	0	0	0	0	0	0	0	0	0	0	0	0	0	0	0	0	0	0	0	0	0	0	0	0	0	0	0	0	0	0	0	0	0	0	0	0	0	0	0	0	0	0	0	0	0	0	0	0	0	0	0	0	0	0	0	0	0	0	0	0	0	0	0	0	0	0	0	0	0	0	0	0	0	0	0	0	0	0	0	0	0	0	0	0	0
