	d0_0	d0_1	d0_2	d0_3	d0_4	d0_5	d0_6	d0_7	d0_8	d0_9	d0_10	d0_11	d0_12	d0_13	d0_14	d0_15	d0_16	d0_17	d0_18	d0_19	d0_20	d0_21	d0_22	d0_23	d0_24	d0_25	d0_26	d0_27	d0_28	d0_29	d0_30	d0_31	d0_32	d0_33	d0_34	d0_35	d0_36	d0_37	d0_38	d0_39	d0_40	d0_41	d0_42	d0_43	d0_44	d0_45	d0_46	d0_47	d0_48	d0_49	d0_50	d0_51	d0_52	d0_53	d0_54	d0_55	d0_56	d0_57	d0_58	d0_59	d0_60	d0_61	d0_62	d0_63	d0_64	d0_65	d0_66	d0_67	d0_68	d0_69	d0_70	d0_71	d0_72	d0_73	d0_74	d0_75	d0_76	d0_77	d0_78	d0_79	d0_80	d0_81	d0_82	d0_83	d0_84	d0_85	d0_86	d0_87	d0_88	d0_89	d0_90	d0_91	d0_92	d0_93	d0_94	d0_95	d0_96	d0_97	d0_98	d0_99	d0_100	d0_101
d2_0	0	0.138575	0.0361102	0.0305383	0.00650927	0.0040724	0.0149932	0.00273704	0.00242427	0.00190117	0.0128795	0.00116239	0.0118272	0.00167929	0.0117252	0.0020199	0.00659687	0.00177152	0.00627548	0.00750038	0.00119357	0.00138766	0.00278904	0.000124605	0.00117344	0.000441764	0.00562506	0.00546388	8.24414e-05	0.000113509	0.00509841	0.000100747	9.376e-06	8.40892e-05	1.80621e-05	0.00105307	5.90701e-06	0.0012699	0.00506273	2.20325e-05	0	0.000674514	2.81777e-05	6.50086e-06	0.000354039	7.73342e-06	0	0.00121532	0	2.42136e-06	4.72041e-05	0.0012114	0	1.36399e-05	0	7.48272e-06	0	0.000668499	4.41549e-07	0	9.54413e-06	0	0	0	0	0	0	0	0	0	0	0.000668499	0	0	0	0	0	0	0	0	0	0	0	0	0	0	0	0	0	0	0	0	0	0	0	0	0	0	0	0	0	0
d2_1	0.0526107	2.51779e-05	2.96139e-05	0	1.37552e-05	3.71628e-07	3.16991e-06	0	0.00105011	1.78103e-05	2.17127e-05	1.79271e-05	1.55511e-06	2.1901e-05	2.36506e-05	0.00405504	1.21252e-06	6.50317e-06	3.46734e-06	0.00123058	0	0	3.77669e-06	5.15736e-06	0	0	0	0	0	0	0	0	0	1.4138e-06	0.00121023	0	0	6.88218e-06	0	0	0	0	0	0	0	0	0	0	1.28691e-05	0	0	0	1.15177e-06	0	0	0	0	0	3.80616e-06	0	0	0	0	0	0	0	0	0	0	0	0	0	0.00069331	0	0	0	0	0	0	0	0	0	0	0	0	0	0	0	0	0	0	0	0	0	0	0	0	0	0	0	0	0
d2_2	0.0217157	0.000790436	2.4899e-05	0.00558664	1.04764e-05	2.16414e-06	0.000717612	0.00136236	0.00468082	0.00039907	1.48474e-05	0.00113501	9.73995e-06	0.000214099	1.12813e-06	8.53679e-06	3.29252e-06	3.04277e-05	0	0.00571175	0.000671273	2.15575e-05	0	2.82692e-05	0.000668526	7.11395e-06	3.94021e-05	0	0.00402298	0	3.83535e-05	0	0	0	0	1.6281e-05	0	0	0	0	0	1.70784e-05	0	0	0	0.000236377	0	0	0	0	0	0	0	0.00468282	0	0	0	0	0.000354888	0	0	0	0	0	0	0	0	0	0	0	0	0	0	0	0	0	0	0	0	0	0	0	0	0	0	0	0	0	0	0	0	0	0	0	0	0	0	0	0	0	0	0
d2_3	0.011863	2.53679e-05	2.46953e-05	5.92515e-05	2.45847e-05	6.17537e-06	2.21471e-05	0.00470481	3.27762e-05	0.00540183	1.70383e-05	1.58933e-05	3.37941e-06	0	1.66713e-05	1.77871e-05	7.84702e-06	0	0.00470792	1.65242e-05	6.06479e-07	0.00122701	0.000690882	0	0	0.00123512	0	0.00503639	1.87329e-05	0	0	0.000668499	0	0	1.6922e-05	0	0	0	3.96517e-06	2.81425e-06	0	0	0.00121775	8.16218e-06	0	1.57028e-05	5.43094e-06	0	0	0	0	0.000687256	0	0	0	0	0	0	0	0	0	0	0	0	0	0	0	0	0	0	0	0	0	0	0	0	0	0	0	9.58799e-06	0	0	0	0	0	0	0	0	0	0	0	0	0	0	0	0	0	0	0	0	0	0
d2_4	0.00625439	2.34051e-05	3.43985e-05	3.17311e-05	0.000395934	0.00507608	2.60724e-05	6.51096e-06	0.000164483	1.57181e-05	0	5.19962e-06	3.29288e-05	0	0	2.57315e-06	7.23723e-06	2.54668e-05	5.83526e-06	0	7.08927e-06	4.71044e-06	9.01368e-07	3.40093e-06	3.17472e-06	4.83258e-07	0	1.49287e-05	0	0.00102845	0	0	2.56693e-06	1.14017e-05	1.77042e-05	0	0	0	0	0	5.40809e-06	0	0	0	0	0	0	0	0	0	0	0	0	0	0	0	0	0	0	0	0	0	0	0	0	0	0	0	0	0	0	0	0	0	0	0	0	0	0	0	0	0	0	0	0	0	0	0	0	0	0	0	0	0	0	0	0	0	0	0	0	0
d2_5	0.00569917	1.54568e-05	1.80024e-05	4.49072e-05	4.6298e-06	0.000686927	0.000283581	1.35551e-05	0	0	0.000748329	2.29514e-05	0	3.93935e-06	0.00100763	3.65729e-06	1.55767e-05	1.48719e-05	2.90552e-06	0	0	0	0	0	0.000670941	0	0	0	0	2.71829e-06	0	0.000566598	3.04853e-06	7.27886e-06	6.11162e-07	0	1.08324e-07	0	0	0.000373113	0	0	0	0.00102283	0	0	0	0	4.24544e-06	0	0	0	0	0	0	0	0	0	0	0	3.61704e-06	0	1.31764e-07	0	0	0	0	0	0	0	0	0	0	0	0	0	0	0	0	0	0	0	0	0	0	0	0	0	0	0	0	0	0	0	0	0	0	0	0	0	0	0
d2_6	0.00404519	6.22423e-06	2.56452e-05	1.41667e-05	1.13468e-06	0.00472974	2.3149e-05	0	4.80037e-06	3.36236e-06	1.318e-05	3.12263e-06	1.93827e-06	2.00645e-06	0.00122201	5.8014e-06	0.00103816	2.44844e-06	0	0	0.00404773	4.42665e-06	0	3.25052e-06	0	0	0	0	0	0	0	0	0	0	0	0	0	0	0	0	0	0	0	0	0	0	0	0	0	0	0	0	0	0	0	0	0	0	0	0	0	0	0	0	0	0	0	0	0	0	0	0	0	0	0	0	0	0	0	0	0	0	0	0	0	0	0	0	0	0	0	0	0	0	0	0	0	0	0	0	0	0
d2_7	0.00224179	1.29856e-05	1.55149e-05	0.0010479	2.59682e-05	0.000671507	0.00125821	5.21935e-05	1.45839e-05	2.60709e-05	8.18786e-06	0.000707341	0	4.02941e-06	0.000550519	0.000354817	0.000556272	1.33637e-05	0	0	0	0	4.95569e-06	7.91453e-07	0	0.00036333	0	0	0	0	0	0.00101297	0.000716295	0.000228385	0.00467949	0	4.37438e-05	0.00020055	0	0	0	0.00501374	4.79051e-07	0	0	0	0	0	0	0	0	0	0	0	0	0	0	0	0	0	0	0	0	0	0	0	0	0.00502856	0	0	0	0	0	0	0	0	0	0	0	0	0	0	0	0	0	0	0	0	0	0	0	0	0	0	0	0	0	0	0	0	0	0
d2_8	0.0024383	1.0891e-05	2.53417e-05	3.03045e-05	1.98024e-05	1.78571e-05	8.94715e-06	5.2294e-05	0.000592205	5.42065e-05	1.44023e-05	5.51837e-06	8.46491e-06	0	0	2.64144e-05	1.77037e-05	0.00505324	1.80136e-05	1.29155e-05	0	4.69016e-06	1.53898e-05	0	2.67641e-06	0	6.3037e-06	0	1.77762e-05	0	0	0	0	1.27403e-05	0	0	0	0	0	0	0	0	0	0	0	0	0	0	0	0	0	0	1.07079e-06	0	0	0	0	0	0	0	0	0	0	0	0	0	0	0	9.58824e-06	0	6.73702e-06	0	0	0	0	0	0	0	0	0	0	0	0	0	0	0	0	0	0	0	0	0	0	0	0	0	0	0	0	0	0	0
d2_9	0.0018968	3.71998e-06	1.17473e-05	0.0040369	3.91703e-05	1.55219e-05	3.40853e-06	2.46411e-06	1.03251e-05	2.07547e-05	4.06579e-06	0.000411696	1.4795e-05	0.00558049	0	1.26908e-05	0	0.000234982	0	0.000668499	3.06038e-05	4.63163e-06	2.34351e-05	2.7441e-05	0	0	2.23364e-06	8.53712e-06	2.26887e-06	0	7.23475e-06	0	0	0	0	0	0	0	6.46018e-07	0	0	0	0	0	0	0	0	0	0	0	1.03648e-05	0	0	0	0	0	0	0	0	0	0	0	0	0	0	0	0	0	0	0	0	0	0	0	0	0	0	0	0	0	0	0	0	0	0	0	0	0	0	0	0	0	0	0	0	0	0	0	0	0	0	0
d2_10	0.00121915	4.39533e-05	4.43741e-06	2.7366e-05	0	5.54575e-05	3.96175e-05	0.000557235	0.0010193	3.10172e-06	5.42542e-07	6.57468e-06	2.86189e-06	1.1854e-05	9.44882e-06	5.68314e-06	8.82452e-06	0	0	0	0	0	0	8.55601e-06	1.47659e-05	0.000230854	0	7.85439e-06	3.59352e-06	0	0	0	0	0	0	0	0	0	0	0.00055807	0	0.000668499	0	0	0	0	0	0	0.00467949	0	0	0	0	0	0	0	0	0	0	0.000349455	0	0.000334249	0	0	0	0	0.000668499	0	0	0	0	0	0	0	0	0	0	0	0	0	0	0	0	0	0	0	0	0	0	0	0	0	0	0	0	0	0	0	0	0	0	0
d2_11	0.00106323	1.03618e-05	5.69211e-06	1.26268e-05	1.68191e-06	0.000581971	1.1368e-05	5.31689e-06	1.34039e-05	0	1.57414e-05	2.04612e-05	6.7228e-06	7.61121e-06	0	0	0.000254489	0	2.77707e-06	1.25477e-05	0	0	4.91991e-06	0	0.000692742	0	0	1.92538e-06	0	2.55816e-06	0	0	0	1.60396e-05	0	0	0	0.000334249	0.00069296	0	0	0	0	0	0.00468853	0	0	0	0	7.24962e-06	0.000674857	0	0	0	0	0	0	0.00470599	4.6395e-06	0	0	0	0.00100275	0	0	0	0	0	0	0	1.63306e-06	0	0.000674543	0	0	0	0	6.67287e-06	0	0	0	0	0	0	0	0	0	0	0	0	0	0	0	0	0	0	0	0	0	0	0	0
d2_12	0.000977035	3.39083e-06	1.69097e-05	0.000381356	1.51942e-06	0.000718474	5.48743e-06	0	0	1.74865e-05	1.44386e-05	0	5.86461e-06	1.67681e-06	0	0	2.07811e-05	7.12306e-06	0.00134443	1.11003e-05	0	8.85377e-06	0	0	0	0	0	0	1.68689e-05	0	0	0.00502494	0.000668499	0	0	2.85856e-07	0	0	0.000341755	0	1.71098e-05	0	3.01962e-06	5.28068e-06	0.0012168	0	0	0	0	0	0	0	0	0	0	0.00022303	0	0	0	0.000334249	0	0	0	0	0	0	0	0	0.00101142	0	0	0	0	0	0	0	0	0	0.000689905	0	0	0	1.6141e-05	0	0	0	0	0	0	0	0	0	0	0	0	0	0	0	0	0	0	0
d2_13	0.000440801	3.95678e-05	3.31615e-06	6.28127e-06	1.44456e-05	0.000373397	0.000568484	0	0	0	0.000556745	2.0717e-05	4.32559e-05	3.50041e-05	0	1.56512e-05	2.00299e-05	0.000673289	3.22425e-05	5.01015e-06	1.17142e-05	0	1.21003e-05	0	1.70533e-06	0.00502701	0	0	0	0.00137439	0	1.34241e-05	0	0	0.00524474	0	0	0	0	0	1.78766e-05	0	0	0	0.000668499	0	0	0	0	0	0	0	0	0	0	0.00068272	0	0	0	0	0	0	0	0	0	0.00469496	0	0	0	0	0	0.000668499	0	0	0	0	0	0	0	0	0	0	0	0	0	0	0	0	0	0	0	0	0	0	0	0	0	0	0	0	0	0
d2_14	0.000877321	0	0	1.73913e-05	0	7.89276e-06	0	1.60521e-06	0.000565705	0	2.52567e-05	0	2.38477e-06	1.28373e-05	0.000353013	0	8.44203e-06	3.29038e-06	0	0	0	1.55411e-05	0.000344296	0	0	0	0	0	0.000668499	0	1.36881e-06	6.00597e-06	0	4.42964e-06	0	0	3.04083e-06	0	0.00970847	0.00121434	1.07315e-05	0	0	0	0	0	0	0	0	0	0	0	0	0	0	0	0	0	0	0	0	0	0	2.65831e-05	7.17697e-06	0	0	0	0	0	8.90702e-06	0	0.000221289	0	0	0	0	0	0	0	0	0	0	0.00068039	0	0	0	0	0	0	0	0	0	0	0	0	0	0	0	0	0	0
d2_15	0.000309088	4.56375e-06	3.41658e-05	0.000357868	2.22859e-05	0	4.04006e-06	0	0	1.49225e-05	0	1.14988e-06	2.15169e-06	0.00503893	7.28322e-06	0	2.49046e-05	0	0	0	0.000669456	0	2.00281e-06	0	0	0	0	0	0.000361668	0	0	0	0	0	0	0	0	0	0	0	0	0	7.32763e-07	1.80068e-06	0	0	0	0	0	0	0	0	1.35688e-05	0	0	0	0	0	0	0	0	0	0	0	0.000696252	0	0	6.55067e-06	0	0	0	0	0	0	0	0	0	0	0	0	0	0	0	0	0	0	0	0	0	0	0	0	0	0	0	0	0	0	0	0	0	0
d2_16	0.00207397	3.2321e-05	1.44664e-06	2.42632e-05	6.16967e-07	9.13741e-06	3.13115e-06	3.30173e-05	0	5.11603e-06	2.97528e-06	2.60016e-05	4.60127e-06	1.10243e-05	2.21508e-05	2.2039e-05	0	0.00056752	0	0	1.25081e-05	0	0	0	2.27051e-05	0	0.0012113	0	3.6833e-07	0	0	0	0	3.46995e-07	4.53755e-06	0	3.16884e-06	0	0	0	0	0	7.338e-06	0	0	0	0	0.00467949	0	0	0	0	0	0	0	0	0	0	0	0	0	0	0	0	0	0	0	0	0	0	0	0	0	0	0	0	0	0	0	0	0	0	0	0	0	0	0	0	0	0	0	0	0	0	0	0	0	0	0	0	0	0
d2_17	0.000284624	0.00107257	4.29487e-06	1.39899e-06	0.00071357	0.00074853	0	1.07788e-05	0.000366235	6.13856e-06	0	4.74468e-06	0	1.51663e-05	0.000555099	0	0	3.94727e-06	3.35129e-05	0.00101586	3.48013e-06	0.000240671	0.00102086	0	0	0.00468081	0	0	0	0	2.02543e-06	0.000334249	0	0	0	0.000216009	0	1.31515e-06	3.11814e-06	0.000905329	2.69766e-07	0	0.00467949	1.71984e-07	1.58514e-05	0.00469421	0.00467987	0.000680868	0	0	0.00501374	0	0	0	0	0.00403845	0	0	8.14797e-06	0	0.00100724	0	0	0	0	0	0	0	0	0	0	0	0	0	0	0	0	0	0	0	0	0	0	0	0	0	0	0	0	0	0	0	0	0	0	0	0	0	0	0	0	0
d2_18	0.000400568	9.36584e-07	1.06228e-05	2.90156e-05	1.27759e-05	0.000230457	0	4.97419e-06	0	0	1.91357e-05	1.01121e-05	9.12044e-06	0	5.98584e-06	0	2.42695e-06	0	0	0	0	8.62411e-06	0	0	0	0	0	0	0	0	4.83613e-06	0	0	0.00033827	0	0	0	8.01979e-06	0	0.000685365	0	0	0	0	0	0	0.00524494	0	0	0.000668499	0	0	0	0	0	0	0	0	0	0	0	0	0	0	0	0	0	0	0	0	0	0.000334249	0	0	0.000345443	0	0	0	0	0	0	0	0	0	0	0	0	0	0	0	0	0	0	0	0	0	0	0	0	0	0	0
d2_19	0.00120404	5.2121e-06	2.79138e-05	2.66968e-05	1.72174e-05	1.01942e-08	1.50283e-05	8.56439e-07	0	8.77695e-06	0	0.00471755	2.84052e-07	4.92766e-06	0	0	0.00468566	4.47674e-05	0	0.00136582	0	0.00469004	8.32811e-06	0	2.14095e-05	7.3296e-06	0	0	0	1.57563e-05	0.00101892	0	0	0.0006792	0	0	1.78129e-05	0	0	0	0	9.01129e-06	0	0.000674714	0	0	0	0	8.10319e-06	0	0	0	0	0	0	0	0	0	0	1.25597e-05	0	0	0	0.00467949	0	0	0.00100421	0	0	6.1661e-06	0	0	0	0	0	0	0	0	0	0	0	0	0	0	0	0	0	0	0	0	0	0	0	0	0	0	0	0	0	0	0	0
d2_20	0.000261405	0	1.0096e-05	6.24208e-06	1.63139e-05	0.00120498	0	0	0.00188113	5.77817e-06	8.12076e-07	1.94242e-05	0	0	0	0	5.77634e-07	0	2.6815e-05	2.29932e-05	5.31859e-07	0	0	0	0.00467949	0	0	0	0	0	0	0	2.55877e-06	0	0	0	5.24848e-06	4.33963e-06	0	0	0	0	0	0	0	6.17236e-06	0	0	0	0	0	0	0	0	0	0	0	0	0	0	0	3.88498e-06	0	0	0.00101452	0	0	0	0	0.000363695	0	0	0	0	0	0	0	0	0	0	0	0	0	0	1.29603e-05	0	0	0	0	0	0	0	0	0	0	0	0	0	0	0	0	0
d2_21	0.000119993	0	0	4.434e-06	0.00138032	3.96521e-07	9.99019e-07	0	0	3.84618e-05	6.46121e-06	0	1.15557e-06	0	0	4.855e-06	0.000668499	0	0.000210485	0	0	0	0	0	0	0	0	0	0	0.000668499	0	0	0	0	0	0	2.77739e-08	0	0	0	0.000680024	1.30251e-06	3.8331e-06	0	0	0.000347535	0	0	0	0	0	0	0	0	0	0	0	1.5685e-05	0	0	0	0	0	0	0	0	0	0	0	0.000676696	0	3.20474e-06	0	0	0	0	0	0	0	0	0	0	0	0	0	0	0	0	0	0	0	0	0	0	0	0	0	0	0	0	0	0
d2_22	0.00015406	2.98564e-06	0	1.32288e-05	0	0	0	0	0.000594709	1.60339e-05	1.35235e-05	0	0.00467949	8.29437e-06	0	0	1.9362e-05	0.00100275	0.00523523	0.000668499	0	0	5.95564e-06	0	0	0	0	0	0	2.43532e-06	0	0	1.75635e-05	0	0.00122347	0	0	0	0	1.30836e-05	0	0	1.53292e-05	9.73241e-06	0	0	0	0	0	0	0.000668499	0	0	0.000557209	0.000337975	0	0	0	0	0	0	0	0	0	0	0	0	0	0.00467949	0	0	0	0	0	0	0	0	0	0	0	0	0	0	0	0	0	0	0	0	0	0	0	0	0	0	0	0	0	0	0	0	0
d2_23	6.75499e-05	0	0	1.53644e-05	0	1.20127e-06	0	0	1.74824e-06	0.00470697	7.72285e-06	9.18764e-06	0	0	0	0	0	0.000705395	4.69591e-06	0	0.000682636	0	0	0	0	0	0	0	0	9.70422e-08	0	0	0	0	1.55296e-06	0	5.89358e-06	0	0	0	0	0	0	0	0	0	0	0	0	0	0	0	0	0	0	0	0	0	0	0	1.81042e-05	0	0	0.000535935	0	0	0	0	0	0	0	0	0	0	0	0	0	0	0	0	0	0	0	0	0	0	0	0	0	0	0	0	0	0	0	0	0	0	0	0	0	0
d2_24	0.000128649	0	0	2.40097e-06	0.000578586	0	0	1.28884e-08	0	5.21204e-06	0	0	0	0	0	0	0	2.3057e-05	0	0	0	0	0	0	1.14068e-05	0	0.000157468	0	0	0.0046934	0	0.000358568	8.21882e-06	0	0	0	0	0	0	0	8.48925e-08	0.00102089	0	0	0	0	0	0	0	0	0	0	0.000534799	0	0	0	0	0	0	0	0	0.000334249	0	0	0	0.000203589	0	2.64173e-06	0	0	0	0	0	0	0	0	0	0	0	0	0	0	0	0	0	0	0	0	0	0	0	0	0	0	0	0	0	0	0	0	0	0
d2_25	0.000793157	3.7466e-07	0	0	0	2.59453e-06	1.31101e-05	0	0	0.00123893	6.99525e-07	0	0.000689738	0.000668499	5.60738e-06	0	0	2.19986e-07	1.75807e-05	0.00501374	0	1.02553e-05	0	1.88746e-05	0	0	0	0	0	0	0	0	0	0.000357357	0.000688819	0	0	0	0	0	0	0.000212841	0	0	0	0	0	0	0	0.00468739	0	8.33269e-07	0	0	0	0.00467949	0	0	0	0	0	0	0	0	0	0	0	4.47783e-06	0	0	0	0	0	0	0	0	0	0	0	0	0	0	0	0	0	0	0	0	0	0	0	0	0	0	0	0	0	0	0	0	0	0
d2_26	4.96936e-05	0	0	0	0	0	3.75463e-06	2.02767e-05	6.19004e-06	0.000715085	0	0	2.66504e-07	0	0.0006828	3.88091e-06	0	0	0	1.29142e-05	9.13698e-06	0	0	0	0.000334249	0.00503029	0	0	0	0	0	0	7.90495e-06	0	0	0	0	0	0.00100275	0	0	0	0	0	0	0	0	0	0	0.00502361	0	0	0	0	0	0	0	0	0	0	0	0	1.73102e-05	0	0	0	0	0	0	0	0	0	0	0	0	0	0	0	0	0	0	0	0	0	0	0	0	0	0	0	0	0	0	0	0	0	0	0	0	0	0	0
d2_27	0.000438866	2.205e-05	0	0	0	0	0.000206037	0	0	3.99226e-06	0	0	0	1.26453e-05	0.000336862	8.91168e-06	0	0	0	0	0	0	0	0	2.02103e-05	0	0	0	0	0	0	0	0	0	0	0	0	0	0	0	0	0	0	0.000343956	0	0.000672704	0	0	0	0	0	0	0.000346586	0	0	7.47434e-06	0	0.000668842	0	0.00468458	0	0	0	0	1.72566e-05	0	0	0	0	5.82768e-06	0	0	0	0	0	7.70738e-06	0	0	5.55257e-06	0	0	0	0	0	0	0	0	0	0	0	0	0	0	0	0	0	0	0	0	0	0	0
d2_28	7.48588e-05	0	0	0	2.99615e-05	0	0	0	0	0	0	0	0	0	8.4467e-06	0	1.02301e-05	0	0	2.86535e-05	0	1.81413e-05	0	4.08974e-06	4.51798e-06	0	5.99028e-06	0	0	0	0	0	0	0.000671886	3.75253e-05	0	0	0	0	0	6.89528e-06	0	0	0	0	0	0	0	0	0	0	0	0	1.13257e-05	0	0	0	0	0	1.25062e-06	0	0	0	0	0	0	0	0	0	0	0	0	0	0	0	0	0	0	0	0	0	0	0	0	0	0	0	0	0	0	0	0	0	0	0	0	0	0	0	0	0	0
d2_29	4.23207e-05	0	7.56661e-06	1.99743e-05	0	2.78441e-05	0	0	0	2.35493e-05	0	0	7.89271e-06	0	7.85676e-06	6.3897e-06	2.11804e-07	1.41356e-05	0.00135383	2.23811e-06	1.91425e-06	0	7.55679e-06	6.49772e-06	0	0	0	0	0	0	0	2.6435e-05	0	0	0.00100453	0	0	0	0	2.37295e-06	0.00503235	0	0	0	0	0	0.000335718	0	0	0	0	0	8.17249e-06	0	0	0	0	0	0.000688793	0	0.00123841	0	0	0	0	0	0	0	0	0	0	0	0	0	0	0	0	0	0	0	0	0	0	0	0	0	0	0	0	0	0	0	0	0	0	0	0	0	0	0	0	0
d2_30	8.61885e-05	1.44824e-06	0	2.83326e-06	6.31367e-06	0	0	0	6.99714e-06	3.22014e-05	0	0.00053941	4.92415e-06	0.00604042	6.55432e-06	0	0	0.000343212	0	0	0	0	0	0.00101555	0.00169412	1.3077e-06	0	3.13938e-07	0	0.000668499	0	0	1.90057e-06	0	0	8.4665e-06	0	0	0	0	2.23306e-06	0	0	0.00467949	0	0	0	0	0	0	0	0	0	0	0	0	0	0	0	0	0	0	0	0	0	0	0	0	0	0	0	0	0	0	0	0	0	0	0	0	0	0	0	0	0	0	0	0	0	0	0	0	0	0	0	0	0	0	0	0	0	0
d2_31	5.30499e-05	0	0	1.65835e-05	0	0	1.09251e-06	5.5687e-06	9.85794e-07	0	0	0	0	0	0	9.84994e-06	0	3.90364e-06	7.40009e-07	0	0	0	0	0	0	0	0.000555651	0	0	1.30451e-05	0	2.33354e-06	0	0	0	0	0	0.000359352	0	0	0	0	0	0	0	0.000558117	0	0	6.1918e-07	0	2.22826e-06	3.08419e-06	0	0	0	0	0	0	0	0	0	0	0	0	0	0	0	0	0	0	0	0	0	0	0	0	0	0	0	0	0	0	0	0	0	0	0	0	0	0	0	0	0	0	0	0	0	0	0	0	0	0
d2_32	3.77778e-05	1.03136e-05	0	2.43372e-06	4.28965e-06	0	1.31846e-05	0	0	3.95653e-06	4.91326e-06	0	3.34658e-06	0	4.25096e-06	0	0	0	0	1.00938e-05	0	1.94117e-05	3.20393e-06	0	0	0	0.000685834	0.000219452	0.00524588	0	0	0	0	1.91598e-05	0	0	0	0	0	6.21557e-06	0	0	5.42052e-06	0	0	0	0	1.42823e-05	4.62723e-06	0	0	0	0	4.00439e-06	0	0	0	0	0	0.00100431	0	0	0	1.16396e-05	0	0	0	0	0	0	0	0	0	0	0	0	0	0	0	0	0	0	0	0	0	0	0	0	0	0	0	0	0	0	0	0	0	0	0	0	0	0
d2_33	4.49233e-05	1.438e-06	1.14963e-05	7.13099e-06	0	7.59607e-06	4.51829e-06	1.38971e-05	0	0	0	0	0	0	0.00103254	0	0	0	2.42598e-05	0	1.11918e-05	0	0.000566883	0	0	2.35172e-05	0	0	9.9241e-06	0	0	0	0	0.000684763	0	0	0	0	0	0.00020468	0	0	0	0	0	0	0	0	0	0	0.000668499	0.00168134	0	9.42456e-06	0	0	0	0.000678598	0	0	0	0	0	0	0.000218463	0	0	0	0	0	0	0	0	0	0	0	0	0	0	0	0	0	0	0	0	0	0	0	0	0	0	0	0	0	0	0	0	0	0	0	0	0
d2_34	4.79814e-05	0	2.99446e-06	0.000220309	2.52576e-05	9.3665e-06	0	0	4.61388e-06	0.00068264	3.76777e-06	0	1.30284e-05	0	1.49497e-05	0	0	3.33385e-07	0	0	1.43877e-05	1.15666e-05	0	0	0	0	9.94277e-06	0	0	0	0	0	0	0	0	0	0.00100275	0	0	0	0	0	0	0	0	0	0	0	4.82069e-06	0	0	0	0	0	0	0	0.000343817	0	0	1.1738e-05	0	0	0	0	0	0	0	0	0	0	0	0	0	0	0	0	0	0	0	0	0	0	0	0	0	0	0	0	0	0	0	0	0	0	0	0	0	0	0	0	0	0
d2_35	2.15459e-05	0	0	0	0	0	0	0	0	4.74234e-06	0	1.93434e-05	0	0	0	0	0	2.34376e-05	2.91488e-06	0.00501639	0	1.06932e-06	0	0	0	0	0.000334249	0	0	0	0	0	0.000338453	0	0	0	0	0	0	0	0	0.000668499	0	0	0	0.00404226	0	0	0.00403167	0.000362246	0	0	0	0	0	0	0	0	0	0	0	0	0	0	0	0	0	0	0	0	0	0	0	0	0	0	0	0	0	0	0	0	0	0	0	0	0	0	0	0	0	0	0	0	0	0	0	0	0	0	0	0
d2_36	3.63246e-05	7.57937e-07	0	1.11336e-06	0	0	0	9.60179e-06	0	0	0	0	0	0.00468132	0	0	0	6.23626e-06	0	1.31959e-05	0	0	6.32146e-06	0.000352509	0	0	1.69718e-05	0	0	0.000679308	0	0	0	0	0	0	0	0	0	0	0	0	0	0	0	0	0	0	0	0	0	0	0	0	0	1.00002e-05	0	0	0	0	0	0	0	0	0	0	0	0	0	0	0	0	0	0	0	0	0	0	0	0	0	0	0	0	0	0	0	0	0	0	0	0	0	0	0	0	0	0	0	0	0	0
d2_37	3.58628e-06	0	4.10571e-07	5.11729e-06	0	0	0	0	0	0	0	0	0	0	0	0	0.00069147	0	0	0	0	0	5.11711e-06	0	0	0	7.09982e-06	0	0	0	0	0	0	0	0	0	0	0	0	0	0	0	0	5.43549e-06	0	0	0	0	0	0	0	0	0.000355484	0	0	0.0046933	0	0	0	0	0	0	0	0	0	0	0	0	0	0	1.26512e-05	0	0	0	0	0	0	0	0	0	0	0	0	0	0	0	0	0	0	0	0	0	0	0	0	0	0	0	0	0	0	0
d2_38	1.91275e-05	0	0	0	0	0	0	0	0	1.04261e-05	0	0	0.000222551	0	0	0	0	0	0	0	7.75626e-07	0	4.08601e-06	0	0	0	0	0	0.00100275	0	0.00467949	0	0	1.52433e-05	0	0	0	0	0	0	0	0.000350579	0	5.00865e-07	1.61139e-05	0	0	0	0	0	0	0	0	0	0	0	0	0	0	0	0	0	0	0	0	0	0	0	0	0	0	0	0	0	0	0	0	0	0	0	0	0	0	0	0	0	0	0	0	0	0	0	0	0	0	0	0	0	0	0	0	0
d2_39	1.76234e-05	0	0	5.51298e-06	6.17361e-07	3.05871e-07	0	0	0	8.39687e-06	0	0	0	0	0	0	0	0	0	0	7.54461e-06	6.85432e-06	0	0	0	0	0	0	0	0	0	0	0	0.000683491	0	0	0	0	0	0	0	0	1.39782e-06	0	0	0	0	0	0	0	0	0	0	0	0	0	0	0	0	0	0	0	0	0	0	0	0	0	0	0	0	0	0	0	0	0	0	0	0	0	0	0	0	0	0	0	0	0	0	0	0	0	0	0	0	0	0	0	0	0	0	0
d2_40	0.000197462	1.10609e-05	6.12844e-07	0	0	0	4.96467e-06	1.95746e-05	0	0	0	0	1.0568e-05	2.682e-06	0	0	1.81229e-05	0.00469885	0	0	0	0	0	0	2.06888e-05	1.27471e-05	0	0	0.00100866	4.00918e-06	0	0	0.00503058	0	0	0	0.00623739	0	0	0	0	0	4.3613e-07	0	0	0	0	0	0	0	0	0	0	0	0	0	0	0	0	0	0	0	0	0	0	0	0	0	0	0	0	0	0	0	0	0	0	0	0	0	0	0	0	0	0	0	0	0	0	0	0	0	0	0	0	0	0	0	0	0	0	0
d2_41	2.15463e-05	0	0	0	0	0	0	9.42916e-06	0	0	0	0.000668499	0.000335708	0	5.98322e-06	1.37995e-05	0	0	0.000346981	0	0	0	0	0	0	0	0	0	0	0	0	0	0	0	0	0	0	0	0	0	0	0	0	0	0	0	0	0	0	0	0	0	0	0	0	0	0	0	0	0	0	0	0	0	0	0	0	0	0	0	0	0	0	0	0	0	0	0	0	0	0	0	0	0	0	0	0	0	0	0	0	0	0	0	0	0	0	0	0	0	0	0
d2_42	3.64349e-05	1.97976e-05	0	0	0	0	0	0	0	0	0	0	0	0	0	0	0	0	0	0.000342416	0	0	0	0	0	0	0	9.28927e-06	0	0	0.00068918	0	0.000690184	0	0	0	0	0	0	0	0	0	0	0	0	0	0	9.64152e-07	0.000669083	0	0	0	0	0	0	0	0	0	0	1.77107e-05	0	1.31195e-06	0	0	0	0	0	0	0	0	0	0	0	0	0	0	0	0	0	0	0	0	0	0	0	0	0	0	0	0	0	0	0	0	0	0	0	0	0	0	0	0
d2_43	0	0	0	0	0	0	0	0	0	0	0.000368821	0	0	0	0.000668499	0	0	0	0	0	0	0	0	0	0	0.00467949	0.0010243	2.67287e-06	0	0	0	0	0	0	0	0	0	0	0	0	0	0	0	0	0	0	0	0	0	0	0	0	0	0	0	0	0	0	0	0	0	0	0	0	0	0	0	0	0	0	0	0	0	0	0	0	0	0	0	0	0	0	0	0	0	0	0	0	0	0	0	0	0	0	0	0	0	0	0	0	0	0
d2_44	9.72512e-07	2.8224e-06	0	0	0	0.000377783	0	8.98964e-06	0	0	0	0	0	0	0	5.12376e-07	0	0	6.92639e-07	0	0	0	0	0	0	0.000668499	0	0	0	0	0.000668499	0.000668499	0	0	0	0	0	0	0	0	3.82291e-07	0	0	0.000668499	1.33736e-06	0	0	0	1.20852e-05	0	0	0	0	0	0	0	0	0	0	0	0	0	0	0	0	0	0	0	0	0	0	0	0	0	0	0	0	0	0	0	0	0	0	0	0	0	0	0	0	0	0	0	0	0	0	0	0	0	0	0	0	0
d2_45	5.97713e-07	0	0	0	0	0	0	0	1.67995e-06	0	0	0	0	5.38728e-07	0	0	0	0	0	0.000556733	0	0	0	0	0	0	0	0	0	0	0	0	0	0	0	0	0	0	0	0	0	0	0	0	0	0	0	6.87837e-06	0	0	0	0	0	0	0	0	0	0	0	0	0	0	0	0	0	0	0	0	0	0	0	0	0	0	0	0	0	0	0	0	0	0	0	0	0	0	0	0	0	0	0	0	0	0	0	0	0	0	0	0	0	0
d2_46	6.9881e-06	0	0	0	0	0	0	0	0.000221016	0	3.49092e-06	0	0	0	0	0	0	0.00404282	0	0	0	2.7957e-06	0.00470043	0	0	0	0	0	0	0	4.62654e-06	1.96803e-06	0	0	0	0	0	0	0	0	0	0	0	0	0	0	0	0	0	0	8.70946e-06	0	0	0	0	5.13452e-06	0	0	0	0	0	0	0	0	0	0	0	0	0	0	0	0	0	0	0	0	0	0	0	0	0	0	0	0	0	0	0	0	0	0	0	0	0	0	0	0	0	0	0	0	0	0
d2_47	0.004731	0	1.09797e-05	0	0	0	0	0	0	0.000669271	0	0	0	0	0	0	0	0	0	9.00313e-06	0	0	0	0	2.07262e-05	0	0	0	0	0	0	0	0	0	0.000205289	0	2.24438e-05	0.000155251	0	0	0	0	8.61593e-07	0	0	0	0	0	0	0	0	0	0	0	0	0	0	0	0	0	0	0	0	0	0	0	0	0	0	0	0	0	0	0	0	0	0	0	0	0	0	0	0	0	0	0	0	0	0	0	0	0	0	0	0	0	0	0	0	0	0	0
d2_48	8.40913e-06	0	1.20015e-05	0	0	0	0	0	0	4.31949e-06	0.00101488	0.00470986	0	0	0.000679413	0	0	0	0	0	0	0	1.52849e-06	0	0	0	0	0	0	0	0	0	0	0	0	0	0	0	0	0	0	0	0	0	0	0	0	0	0	0	0	0	0	0	0	0	0	0	0	0	0	0	0	0	0	0	0	0	0	0	0	0	0	0	0	0	0	0	0	0	0	0	0	0	0	0	0	0	0	0	0	0	0	0	0	0	0	0	0	0	0	0
d2_49	0	0	0	0	0	0	0	0	0	0	0	3.332e-06	0	0	0	0	0	0	0	0	0	0	0.00471458	0	0	0.000674742	0	0	0	0	0	0	0	0.00101824	0	0	0	0	0	0	0	0	0	0	0	0	0	0	0	0	0	0	0	0	0	0	0	0	0	0	0	0	0	0	0	0	0	0	0	0	0	0	0	0	0	0	0	0	0	0	0	0	0	0	0	0	0	0	0	0	0	0	0	0	0	0	0	0	0	0	0	0
d2_50	0	0	0	0	0	0	0	0	0	0	0	0	0	1.67855e-05	0	0	0	0.00502884	0	0	0	0	0	0	0	0	0	0	0	0	0	0	0	0	0	0	0	0	0	0	0	0	0	0	0	0	0	0	0.000209628	0	0	0	0	0	0	0	0	0	0	0	0	0	0	0	0	0	0	0	0	0	0	0	0	0	0	0	0	0	0	0	0	0	0	0	0	0	0	0	0	0	0	0	0	0	0	0	0	0	0	0	0	0
d2_51	2.77128e-06	0	0	0	0	0	5.01567e-06	0	0	0	0	5.52939e-06	0	9.40192e-06	0	0	0.00502984	0	0	1.96756e-05	0.000552636	0	0	0	0	0	0	0	0	0	0	0	0	0	0	0.00468753	0	0.00467949	0	0	0	0	0	0	0	0	0	0	0	0	0	0	0	0	0	0	0	0	0	0	0	0	0	0	0	0	0	0	0	0	0	0	0	0	0	0	0	0	0	0	0	0	0	0	0	0	0	0	0	0	0	0	0	0	0	0	0	0	0	0	0	0
d2_52	0	0	1.39987e-06	0	0	0	0	0	0	0	0	6.70818e-07	0	0	0	0	0	1.03013e-05	0	0	0	0	3.23268e-06	0	0	0	0	0	0	0	0	0	0	0	6.42574e-06	0	0	0.000684062	0	0	0	0	0	0	0	0	0	0	0	0	0	0	0	0	0	0	0	0	0	0	0	0	0	0	0	0	0	0	0	0	0	0	0	0	0	0	0	0	0	0	0	0	0	0	0	0	0	0	0	0	0	0	0	0	0	0	0	0	0	0	0	0
d2_53	0	0	0	0	0	0	7.73195e-07	0	0	0	8.84695e-06	0	0	0	0	0	0	0	0	0	1.01701e-05	0	0	0	0	0	0	0	0	0	0	0	9.21334e-06	0	0	0	0	0	0	0	0.000697572	0	5.20814e-06	0	0	0	0	0	0	0	0	0	0	0	0	0	0	0	0	0	0	0	0	0	0	0	0	0	0	0	0	0	0	0	0	0	0	0	0	0	0	0	0	0	0	0	0	0	0	0	0	0	0	0	0	0	0	0	0	0	0	0
d2_54	3.5136e-06	0	0	0	0	0	0	0	0	0	0	0	0	0	0	0	0	0	0	0	0	0	0	0	0	0	0	0	1.21785e-06	0	0	0	0	0	0	0	0	0	0	0	0	0	0	0	0	0	0	0	0	0	0	0	0	0	0	0	0	0	0	0	0	0	0	0	0	0	0	0	0	0	0	0	0	0	0	0	0	0	0	0	0	0	0	0	0	0	0	0	0	0	0	0	0	0	0	0	0	0	0	0	0	0
d2_55	3.48762e-05	0	0	0	0	0	0	4.13794e-06	0	0	0	0	6.72487e-06	8.9592e-06	0	0	0	0	0	0	0	0	0	0	2.27583e-05	0	0	0.00403367	0	0	0	0	0	0	0	0	0	0	0	0	0	0	0	0	0	0	0	0	0	0	0	0	0	0	0	0	0	0	0	0	0	0	0	0	0	0	0	0	0	0	0	0	0	0	0	0	0	0	0	0	0	0	0	0	0	0	0	0	0	0	0	0	0	0	0	0	0	0	0	0	0	0
d2_56	2.78417e-06	0	0	0	0	0	3.43303e-06	0	0	0	0	0	0	0	0	0	0	0	0	0	1.49659e-05	0	0	0	0	0	0	0	0	0	0	0	0	7.24785e-06	0	0	0	0	0	0	0	0	0	0	0	0	0	0	0	0	0	0	0	0	0	0	0	0	0	0	0	0	0	0	0	0	0	0	0	0	0	0	0	0	0	0	0	0	0	0	0	0	0	0	0	0	0	0	0	0	0	0	0	0	0	0	0	0	0	0	0	0
d2_57	2.01823e-06	0	0	0	0	0	0	0	0	0	0	0	0	0	0	0	0	0	0	0	0	1.89617e-05	0	0	0	0	0	0	0	0	0	0	0	0	0	0	0	0	0	0	0	0	0	0	0	0	0	0	0	0	0	0	0	0	0	0	0	0	0	0	0	0	0	0	0	0	0	0	0	0	0	0	0	0	0	0	0	0	0	0	0	0	0	0	0	0	0	0	0	0	0	0	0	0	0	0	0	0	0	0	0	0
d2_58	0	0	0	0	0	0	0	0	0	0	0	0	0	0	0	0	0	0	0	0	0	0	0	0	0	0	0	0	0	0	0	0	0	0	0	0	0	0	0	0	0	0	0	0	0	0	0	0	0	0	0	0	0	0	0	0	0	0	0	0	0	0	0	0	0	0	0	0	0	0	0	0	0	0	0	0	0	0	0	0	0	0	0	0	0	0	0	0	0	0	0	0	0	0	0	0	0	0	0	0	0	0
d2_59	0	0	0	0	0	0	0	0	0	0	0	0	0	5.27747e-06	9.20619e-06	0	0	0	0	0	1.25053e-05	0	0	0	0	0	0	0.000336058	0	0	0	0	0	0	8.1102e-06	0	0	0	0	0	0	0	0	0	0	0	0	0	0	0	0	0	0	0	0	0	0	0	0	0	0	0	0	0	0	0	0	0	0	0	0	0	0	0	0	0	0	0	0	0	0	0	0	0	0	0	0	0	0	0	0	0	0	0	0	0	0	0	0	0	0	0
d2_60	9.06548e-06	0	0	0	0.000346529	0	0	0	0.00467949	0	0	0	0	0	0	0	2.5099e-06	0	0	0	0	0	0	0	0	0	0	0	0	0	0	0	0	0	0	0	0	0	0	0	0	0	0	0	0	0	0	0	0	0	0	0	0	0	0	0	0	0	0	0	0	0	0	0	0	0	0	0	0	0	0	0	0	0	0	0	0	0	0	0	0	0	0	0	0	0	0	0	0	0	0	0	0	0	0	0	0	0	0	0	0	0
d2_61	0	0	0	0	0	0	0	0	0	0	0	1.67917e-05	0	0	0	0	0	0	0	0	0	0	0	0	0	0	0	0	0	0	0	0	0	0	0	0	0	0	0	0	0	0	0	0	0	0	0	0	0	0	0	0	0	0	0	0	0	0	0	0	0	0	0	0	0	0	0	0	0	0	0	0	0	0	0	0	0	0	0	0	0	0	0	0	0	0	0	0	0	0	0	0	0	0	0	0	0	0	0	0	0	0
d2_62	0	0	0	0	0	0	0	0	0	0	0	0	0	0	0	0	0	0	0	0	0	0	0	0	0	0	0	0	0	0	0	0	0	0	0	0	0	0	0	0	0	0	0	0	0	0	0	0	0	0	0	0	0	0	0	0	0	0	0	0	0	0	0	0	0	0	0	0	0	0	0	0	0	0	0	0	0	0	0	0	0	0	0	0	0	0	0	0	0	0	0	0	0	0	0	0	0	0	0	0	0	0
d2_63	0	0	0	0	0	0	0	0	0	5.15036e-06	0	0.00470238	0	0	0	0	0	0	0	0	0	0	0	0	0	0	0	0	0.00123446	0	0	0	0	0	0	0	0	0	0	0	0	0	0	0	0	0	0	0	0	0	0	0	0	0	0	0	0	0	0	0	0	0	0	0	0	0	0	0	0	0	0	0	0	0	0	0	0	0	0	0	0	0	0	0	0	0	0	0	0	0	0	0	0	0	0	0	0	0	0	0	0	0
d2_64	0	0	0	0	0	0	0	0	0	0	0	0	0	0	0	0	0	0	0	0	0	0	2.88932e-06	0	0	0	0	0	0	0	0	0	0	0	0	0	0	0	0	0	0	0	0	0	0	0	0	0	0	0	0	0	0	0	0	0	0	0	0	0	0	0	0	0	0	0	0	0	0	0	0	0	0	0	0	0	0	0	0	0	0	0	0	0	0	0	0	0	0	0	0	0	0	0	0	0	0	0	0	0	0	0
d2_65	0	0	0	0	0	0	1.32275e-05	0	0.000336831	0	0	0	0	0	0	0	0	0	0	0	0	0	0	0	0	0	0	0	0	0	0	0	0	0	0	0	0	0	0	0	0	0	0	0	0	0	0	0	0	0	0	0	0	0	0	0	0	0	0	0	0	0	0	0	0	0	0	0	0	0	0	0	0	0	0	0	0	0	0	0	0	0	0	0	0	0	0	0	0	0	0	0	0	0	0	0	0	0	0	0	0	0
d2_66	0	0	0	0	0	0	0	0	0	0	0	0	0	0	0	0	0	0	0	0	0	0	0	0	0	0	0	0	0	0	0	0	0	0	0	0	0	0	0	0	0	0	0	0	0	0	0	0	0	0	0	0	0	0	0	0	0	0	0	0	0	0	0	0	0	0	0	0	0	0	0	0	0	0	0	0	0	0	0	0	0	0	0	0	0	0	0	0	0	0	0	0	0	0	0	0	0	0	0	0	0	0
d2_67	0	0	0	0	0	0	0	0	0	0	0	7.54907e-06	0	0	0	0	0	0	0	0	0	0	0	0	0	0	0	0	0	0	0	0	0	0	0	0	0	0	0	0	0	0	0	0	0	0	0	0	0	0	0	0	0	0	0	0	0	0	0	0	0	0	0	0	0	0	0	0	0	0	0	0	0	0	0	0	0	0	0	0	0	0	0	0	0	0	0	0	0	0	0	0	0	0	0	0	0	0	0	0	0	0
d2_68	0	0	0	0	0	0	0	0	0	0	0	0	0	0	0	0	0	0	0	0	0	0	0	0	0	0	0	0	0	0	0	0	0	0	0	0	0	0	0	0	0	0	0	0	0	0	0	0	0	0	0	0	0	0	0	0	0	0	0	0	0	0	0	0	0	0	0	0	0	0	0	0	0	0	0	0	0	0	0	0	0	0	0	0	0	0	0	0	0	0	0	0	0	0	0	0	0	0	0	0	0	0
d2_69	0	0	0	0	0	0	0	0	0	0	0	0	0	0	0	0	0	0	0	0	0	0	0	0	0	0	0	0	0	0	0	0	0	0	0	0	0	0	0	0	0	0	0	0	0	0	0	0	0	0	0	0	0	0	0	0	0	0	0	0	0	0	0	0	0	0	0	0	0	0	0	0	0	0	0	0	0	0	0	0	0	0	0	0	0	0	0	0	0	0	0	0	0	0	0	0	0	0	0	0	0	0
d2_70	0	0	0	5.4057e-06	0	0	0	0	0	0	0	0	0	0	0	0	0	0	0	0	0	0	0	0	0	0	0	0	0	0	0	0	0	0	0	0	0	0	0	0	0	0	0	0	0	0	0	0	0	0	0	0	0	0	0	0	0	0	0	0	0	0	0	0	0	0	0	0	0	0	0	0	0	0	0	0	0	0	0	0	0	0	0	0	0	0	0	0	0	0	0	0	0	0	0	0	0	0	0	0	0	0
d2_71	0	0	0	0	0	0	0	0	0	0	0	3.94103e-06	0	0	0	0	0	0	0	0	0	0	0	0	0	0	0	0	0	0	0	0	0	0	0	0	0	0	0	0	0	0	0	0	0	0	0	0	0	0	0	0	0	0	0	0	0	0	0	0	0	0	0	0	0	0	0	0	0	0	0	0	0	0	0	0	0	0	0	0	0	0	0	0	0	0	0	0	0	0	0	0	0	0	0	0	0	0	0	0	0	0
d2_72	0	0	0	0	0	0	0	0	0	0	0	0	0	0	0	0	0	0	0	0	0	0	0	0	0	0	0	0	0	0	0	0	0	0	0	0	0	0	0	0	0	0	0	0	0	0	0	0	0	0	0	0	0	0	0	0	0	0	0	0	0	0	0	0	0	0	0	0	0	0	0	0	0	0	0	0	0	0	0	0	0	0	0	0	0	0	0	0	0	0	0	0	0	0	0	0	0	0	0	0	0	0
d2_73	0	0	0	0	0	0	0	0	0	0	0	0	0	0	0	0	0	0	0	0	0	0	0	0	0	0	0	0	0	0	0	0	0	0	0	0	0	0	0	0	0	0	0	0	0	0	0	0	0	0	0	0	0	0	0	0	0	0	0	0	0	0	0	0	0	0	0	0	0	0	0	0	0	0	0	0	0	0	0	0	0	0	0	0	0	0	0	0	0	0	0	0	0	0	0	0	0	0	0	0	0	0
d2_74	0	0	0	0	0	0	0	0	0	0	0	0	0	0	0	0	0	0	0	0	0	0	0	0	0	0	0	0	0	0	0	0	0	0	0	0	0	0	0	0	0	0	0	0	0	0	0	0	0	0	0	0	0	0	0	0	0	0	0	0	0	0	0	0	0	0	0	0	0	0	0	0	0	0	0	0	0	0	0	0	0	0	0	0	0	0	0	0	0	0	0	0	0	0	0	0	0	0	0	0	0	0
d2_75	0	0	0	0	0	0	0	0	0	0	0	0	0	0	0	0	0	0	0	0	0	0	0	0	0	0	0	0	0	0	0	0	0	0	0	0	0	0	0	0	0	0	0	0	0	0	0	0	0	0	0	0	0	0	0	0	0	0	0	0	0	0	0	0	0	0	0	0	0	0	0	0	0	0	0	0	0	0	0	0	0	0	0	0	0	0	0	0	0	0	0	0	0	0	0	0	0	0	0	0	0	0
d2_76	0	0	0	0	0	0	0	0	0	0	0	0	0	0	0	0	0	0	0	0	0	0	0	0	0	0	0	0	0	0	0	0	0	0	0	0	0	0	0	0	0	0	0	0	0	0	0	0	0	0	0	0	0	0	0	0	0	0	0	0	0	0	0	0	0	0	0	0	0	0	0	0	0	0	0	0	0	0	0	0	0	0	0	0	0	0	0	0	0	0	0	0	0	0	0	0	0	0	0	0	0	0
d2_77	0	0	0	0	0	0	0	0	0	0	0	0	0	0	0	0	0	0	0	0	0	0	0	0	0	0	0	0	0	0	0	0	0	0	0	0	0	0	0	0	0	0	0	0	0	0	0	0	0	0	0	0	0	0	0	0	0	0	0	0	0	0	0	0	0	0	0	0	0	0	0	0	0	0	0	0	0	0	0	0	0	0	0	0	0	0	0	0	0	0	0	0	0	0	0	0	0	0	0	0	0	0
d2_78	0	0	0	0	0	0	0	0	0	0	0	0	0	0	0	0	0	0	0	0	0	0	0	0	0	0	0	0	0	0	0	0	0	0	0	0	0	0	0	0	0	0	0	0	0	0	0	0	0	0	0	0	0	0	0	0	0	0	0	0	0	0	0	0	0	0	0	0	0	0	0	0	0	0	0	0	0	0	0	0	0	0	0	0	0	0	0	0	0	0	0	0	0	0	0	0	0	0	0	0	0	0
d2_79	0	0	0	0	0	0	0	0	0	0	0	0	0	0	0	0	0	0	0	0	0	0	0	0	0	0	0	0	0	0	0	0	0	0	0	0	0	0	0	0	0	0	0	0	0	0	0	0	0	0	0	0	0	0	0	0	0	0	0	0	0	0	0	0	0	0	0	0	0	0	0	0	0	0	0	0	0	0	0	0	0	0	0	0	0	0	0	0	0	0	0	0	0	0	0	0	0	0	0	0	0	0
d2_80	0	0	0	0	0	0	0	0	0	0	0	0	0	0	0	0	0	0	0	0	0	0	0	0	0	0	0	0	0	0	0	0	0	0	0	0	0	0	0	0	0	0	0	0	0	0	0	0	0	0	0	0	0	0	0	0	0	0	0	0	0	0	0	0	0	0	0	0	0	0	0	0	0	0	0	0	0	0	0	0	0	0	0	0	0	0	0	0	0	0	0	0	0	0	0	0	0	0	0	0	0	0
d2_81	0	0	0	0	0	0	0	0	0	0	0	0	0	0	0	0	0	0	0	0	0	0	0	0	0	0	0	0	0	0	0	0	0	0	0	0	0	0	0	0	0	0	0	0	0	0	0	0	0	0	0	0	0	0	0	0	0	0	0	0	0	0	0	0	0	0	0	0	0	0	0	0	0	0	0	0	0	0	0	0	0	0	0	0	0	0	0	0	0	0	0	0	0	0	0	0	0	0	0	0	0	0
d2_82	0	0	0	0	0	0	0	0	0	0	0	0	0	0	0	0	0	0	0	0	0	0	0	0	0	0	0	0	0	0	0	0	0	0	0	0	0	0	0	0	0	0	0	0	0	0	0	0	0	0	0	0	0	0	0	0	0	0	0	0	0	0	0	0	0	0	0	0	0	0	0	0	0	0	0	0	0	0	0	0	0	0	0	0	0	0	0	0	0	0	0	0	0	0	0	0	0	0	0	0	0	0
d2_83	0	0	0	0	0	0	0	0	0	0	0	0	0	0	0	0	0	0	0	0	0	0	0	0	0	0	0	0	0	0	0	0	0	0	0	0	0	0	0	0	0	0	0	0	0	0	0	0	0	0	0	0	0	0	0	0	0	0	0	0	0	0	0	0	0	0	0	0	0	0	0	0	0	0	0	0	0	0	0	0	0	0	0	0	0	0	0	0	0	0	0	0	0	0	0	0	0	0	0	0	0	0
d2_84	0	0	0	0	0	0	0	0	0	0	0	0	0	0	0	0	0	0	0	0	0	0	0	0	0	0	0	0	0	0	0	0	0	0	0	0	0	0	0	0	0	0	0	0	0	0	0	0	0	0	0	0	0	0	0	0	0	0	0	0	0	0	0	0	0	0	0	0	0	0	0	0	0	0	0	0	0	0	0	0	0	0	0	0	0	0	0	0	0	0	0	0	0	0	0	0	0	0	0	0	0	0
