	d0_0	d0_1	d0_2	d0_3	d0_4	d0_5	d0_6	d0_7	d0_8	d0_9	d0_10	d0_11	d0_12	d0_13	d0_14	d0_15	d0_16	d0_17	d0_18	d0_19	d0_20	d0_21	d0_22	d0_23	d0_24	d0_25	d0_26	d0_27	d0_28	d0_29	d0_30	d0_31	d0_32	d0_33	d0_34	d0_35	d0_36	d0_37	d0_38	d0_39	d0_40	d0_41	d0_42	d0_43	d0_44	d0_45	d0_46	d0_47	d0_48	d0_49	d0_50	d0_51	d0_52	d0_53	d0_54	d0_55	d0_56	d0_57	d0_58	d0_59	d0_60	d0_61	d0_62	d0_63	d0_64	d0_65	d0_66	d0_67	d0_68	d0_69	d0_70	d0_71	d0_72	d0_73	d0_74	d0_75	d0_76	d0_77	d0_78	d0_79	d0_80	d0_81	d0_82	d0_83	d0_84	d0_85	d0_86	d0_87	d0_88	d0_89	d0_90	d0_91	d0_92	d0_93	d0_94	d0_95	d0_96	d0_97	d0_98	d0_99	d0_100	d0_101
d1_0	0	0.136262	0.0354707	0.0285025	0.00602337	0.00394241	0.0136729	0.00253715	0.00217311	0.00187885	0.012689	0.00116461	0.0114633	0.000972847	0.00688327	0.000894729	0.00647102	0.00691967	0.00151761	0.00616778	0.00113439	0.00115326	0.00251165	0.000107177	0.000122826	6.67285e-05	0.00550847	0.00536842	7.56455e-05	8.20438e-05	0.00501696	9.629e-05	9.73036e-06	8.27059e-05	1.16578e-05	0.00103575	5.80984e-06	0.00122733	0.00396963	2.49834e-05	0	0.000663417	2.81853e-05	4.01552e-07	0.000344238	2.03626e-05	0	0.00119533	0	2.38152e-06	4.64275e-05	0.00119047	0	1.34156e-05	0	7.35962e-06	0	0.000657501	0	0	1.29447e-05	0	0	0	0	0	0	0	0	0	0	0.000657501	0	0	0	0	0	0	0	0	0	0	0	0	0	0	0	0	0	0	0	0	0	0	0	0	0	0	0	0	0	0
d1_1	0.0732722	6.92125e-05	3.50561e-05	0.00122698	0.000374546	3.9186e-05	3.49608e-05	0.000154277	4.63039e-07	0.000368369	1.09125e-05	0.000723249	1.81205e-06	0	0	0.0039898	6.0909e-06	0.000997086	0	0	2.2084e-05	0.00120926	2.59861e-05	0	0	4.11354e-06	1.72004e-05	0	5.43971e-06	3.53579e-06	7.11573e-06	1.45149e-06	0	0	1.66437e-05	0	0	0	3.32794e-06	0.000684949	0	0	0.00119772	0	3.9766e-06	0.000232488	0	0	0	0	0	0	0	0	0	0	0	0	4.17783e-06	0	0	0	1.29597e-07	0	0	0	0	0	0.00460251	0	0	0	0	0	0	0	0	0	0	0	0	0	0	0	0	0	0	0	0	0	0	0	0	0	0	0	0	0	0	0	0	0
d1_2	0.0209648	1.65663e-05	3.75695e-05	2.12203e-05	2.42817e-05	0.000366321	0.00104051	7.99272e-06	0.000747391	3.44141e-05	6.71063e-06	0.000583331	2.10965e-05	3.83207e-05	5.51161e-05	0.000706131	2.56578e-05	3.69862e-05	4.74702e-05	0.000999143	2.06382e-05	4.55544e-06	0	1.68362e-05	2.23568e-05	0.0012148	2.19689e-06	1.40622e-05	0	1.53525e-05	0	0.00121478	2.99838e-06	0	0	0.000212455	5.16213e-06	0	6.3539e-07	0	0	0	0	0	0	0	0	0	1.26574e-05	0	0.00493162	0	0	0	0	0	0	0	0	0	0	0	0	0	0	0	0	0	0	0	0	0	0	0	0	0	0	0	0	0	0	0	0	0	0	0	0	0	0	0	0	0	0	0	0	0	0	0	0	0	0	0
d1_3	0.00818584	1.28878e-05	2.73824e-05	3.39949e-05	3.13107e-05	1.96151e-05	2.39328e-05	6.18364e-05	7.32542e-06	0.00500922	1.45258e-05	5.48914e-06	0.000180434	2.11971e-05	0.00463877	5.96084e-05	1.2511e-05	4.00238e-05	0.00464667	1.89151e-05	1.23023e-05	6.34697e-07	1.30653e-05	4.42784e-06	0	2.26574e-06	1.29369e-05	0	0	0	3.5292e-05	6.96292e-06	0	3.41287e-07	0.00120994	0	1.76264e-05	0	0	0	6.78184e-06	1.67974e-05	0	9.57231e-06	0	0	0	0	0	0	9.83327e-06	0	0	0	0	0	0	0	0.000346365	0	0	0	0	0	0	0	0	0	0	0	0	0	0	0	0	0	0	0	0	0	0	0	0	0	0	0	0	0	0	0	0	0	0	0	0	0	0	0	0	0	0	0
d1_4	0.00600721	0.000627084	6.93096e-05	4.96673e-05	1.10617e-05	5.10251e-05	7.42369e-06	2.43415e-05	0.00484392	2.87114e-05	8.93436e-06	0.000561216	0	0.000217833	2.53797e-05	2.30992e-05	2.72454e-05	6.58446e-07	0.00464195	0.00118408	0.00465956	0	2.85448e-06	0	0.000702508	0.0049639	0	1.88785e-05	1.84247e-05	2.63306e-06	0	3.09446e-06	5.16359e-06	1.12141e-05	6.10713e-06	2.81153e-07	0	0	0	0	5.31912e-06	0	0	5.99236e-06	0.0046114	0	5.3416e-06	0	0	0	0	9.94989e-07	0	3.27345e-06	0	0	0	0	0	0	0	0	0	0	0	0	0	0	0.000994777	0	0	0	0	0	0	0	0	0	0.000657501	9.43026e-06	0	0	0	0	0	0	0	0	0	0	0	0	0	0	0	0	0	0	0	0	0	0
d1_5	0.0128671	8.50463e-06	4.73016e-05	0.00076285	3.57123e-05	0.00104811	0.000727318	0.00463238	5.7052e-06	3.41494e-05	0.000715818	0.00464243	1.53624e-06	0.00122304	0.00219235	0.000352908	0	3.12611e-06	5.35874e-07	1.14958e-05	7.54172e-06	0	0.000355513	0	0.000696758	0	1.30575e-05	0	0	2.67357e-06	0	9.48147e-06	2.01609e-06	2.40466e-05	6.01108e-07	1.60131e-05	0	0	0.00101038	0	0	0	0	0.00100601	0	0	0	0	0	0	0	0	0	0	0	0	0	0	0	0	0	0	0	2.61457e-05	0	0	0	0	0	0	0	0	0	0	0	0	0	0	0	0	0	0	0	0	0	0	0	0	0	0	0	0	0	0	0	0	0	0	0	0	0	0
d1_6	0.00243205	1.12057e-05	5.16735e-05	3.5593e-05	0.000367965	3.89998e-07	0.000248354	2.25692e-05	0	2.02887e-06	3.10872e-05	4.16994e-06	4.32581e-06	1.54221e-06	5.16036e-06	0	0.00101734	3.50288e-05	2.60925e-05	0.00101358	0	1.96393e-05	2.89072e-05	0	0.00166325	1.28618e-06	0	0	5.76595e-06	2.39526e-06	1.34629e-06	0.000682768	0	1.88446e-05	4.4629e-06	0	3.11671e-06	2.95671e-05	0.00461477	0.00067409	0	0	3.77004e-06	0	0	0	0	0	0	0	0	0	0	0	0	0	0	0	0	0.000343706	0	0	0	0	0	0	0.000657501	0	0	0	0	0	0	0	0	0	0	0	0	0	0	0	0	0	0	0	0	0	0	0	0	0	0	0	0	0	0	0	0	0	0	0
d1_7	0.0022904	2.37957e-05	4.28121e-05	4.27688e-05	2.68108e-05	0.0101687	8.66115e-05	3.19686e-06	1.65231e-06	1.00161e-05	2.46115e-05	2.05256e-06	7.52851e-07	1.13729e-05	0.000563864	0	9.72246e-07	0.000231117	1.29724e-05	0.00121927	0	0.000230339	0.000214076	0	0	6.99692e-06	0	0	0	0	0	0	0.00070064	0	0	0	0	0	0	0	0	0	0	0	0	0	0	0	0	0.0049481	0	0	0	0	0	0	0	0.00462857	2.68406e-06	0	0	0	0	0	1.18484e-05	0	0	0	0	0	0	0	0	0	0	0	0	0	0	0	0	0	0	0	0	0	0	0	0	0	0	0	0	0	0	0	0	0	0	0	0	0
d1_8	0.00121188	0	2.67093e-05	2.37546e-05	1.7023e-05	0.000732082	0.000204632	2.1758e-05	0.00121215	1.16216e-05	1.41654e-05	1.52435e-05	4.60922e-07	1.22897e-05	0	4.88305e-06	2.29581e-05	1.78552e-05	0.000202094	0.00461114	0.000660636	0	0	8.41525e-06	8.87429e-06	0	0	0	0	8.07597e-06	0	5.90717e-06	0	0	0	0	2.7317e-08	0	0	0.000366429	1.05549e-05	0	2.96995e-06	8.0279e-06	0	0	0	0	0	0	0	0.00067595	8.03804e-06	0	0	0	0	0	0	0	0	0	0.000986252	0.00460251	0	0	0.000987686	0	0	0	0	3.15202e-06	0	0	0	0	0	0	0	0	0	0	0	0	0	0	0	0	0	0	0	0	0	0	0	0	0	0	0	0	0	0
d1_9	0.00164252	0.00020894	1.30885e-06	0.0049557	1.76403e-05	0.00119504	2.14535e-05	3.80458e-05	0.00101268	2.78126e-05	7.27707e-06	4.29262e-06	1.06135e-05	0.000667446	0.00033237	1.65063e-05	0.0046215	4.97576e-06	1.07486e-05	0.00989105	1.88276e-06	0.000232017	0	4.01523e-06	0	0	0	0	0.00553278	0.00101099	0	0	0	0	0	0	0	0	0	0	1.7666e-05	0	0	1.69155e-07	0	6.07081e-06	0	0	4.1756e-06	0	0.000657501	0	1.05317e-06	0.000548042	0	0	0	0	0	0	0	0	0	0	0.000689923	0	0	0	9.4305e-06	0	6.62619e-06	0	0.00066384	0	0	0	0	6.56309e-06	0	0	0	0	0	0.000669197	0	0	0	0	0	0	0	0	0	0	0	0	0	0	0	0	0	0
d1_10	0.000553733	0.00103197	2.24997e-06	6.1708e-07	2.52874e-05	2.3131e-05	0	0.0013374	1.09058e-06	0.000366496	0	0.00465618	1.76825e-05	0	0.000668236	1.3505e-05	0.000233133	0	0	0.000671025	0	0	0.00032894	0	1.11889e-05	0	1.66926e-05	0.00495698	0	0	0	0	0	0.000668026	0	0	2.99081e-06	0	0	0.000198871	1.68283e-05	8.86305e-06	7.21728e-06	0	0	0.000341818	0	0	0	0	0	0	0	0.00460251	0	0	0	0	0	0	0	0	0	0	0	0	0	0	0	0	0	0	0	0	0	0	0	0	0	0	0	0	0	0	0	0	0	0	0	0	0	0	0	0	0	0	0	0	0	0	0	0
d1_11	0.000739582	4.54653e-05	1.88792e-05	1.57983e-05	8.6644e-06	0.000674719	2.35752e-05	6.32737e-06	8.96388e-06	2.68882e-05	2.09522e-06	3.32997e-06	1.05925e-05	0.00100556	0	9.47364e-06	0	0	1.47481e-05	0	1.15214e-05	0	0	0	0	2.31303e-05	0	0	0	0.000668092	0	0.000986252	0	0	0	0	0	0.00019725	0	6.61502e-06	0.00527644	0	0	0	0	2.68806e-06	0	0	0	0	0	0	0	0	0	0	0	0	0	0	0	0	0	0	0	0	0	0.00494584	0	0	0	0	0	0	0	0	0	0	0	0	0	0	0	0	1.27471e-05	0	0	0	0	0	0	0	0	0	0	0	0	0	0	0	0	0
d1_12	0.000418983	2.2507e-05	1.40644e-07	0	0.000560888	1.27793e-05	0.000554455	2.72879e-05	7.31842e-07	2.66842e-06	2.89962e-06	6.73682e-06	1.42174e-05	3.87454e-06	0	0	1.33721e-05	0.000662473	2.32404e-06	0.00170277	0	4.61301e-06	1.51959e-05	7.78433e-07	0	0.000357352	1.22959e-05	0.000215254	2.63522e-05	0	0	0.00494227	0.000657501	4.19253e-06	0.00515846	0	0	0	0.000336133	1.28684e-05	0	0	0	5.19381e-06	0	0	0.00515865	9.48291e-07	4.55111e-06	0	0	3.03345e-06	0	4.36569e-06	0	0	0	0	0	0	0	0.000328751	0	0	0.000214869	0.000200239	0	0	0	0	0	0.000657501	0	0	0	0	0	0	0	0	0	0	0	0	0	0	0	0	0	0	0	0	0	0	0	0	0	0	0	0	0	0
d1_13	0.000948444	5.22527e-06	0	1.82217e-05	1.49442e-06	0.000347244	4.67545e-06	0	0.000665901	0.000385525	1.58587e-06	0	7.76286e-06	0.00460251	0	0	0	2.08348e-05	1.66742e-06	4.82727e-07	2.79219e-07	1.80671e-05	0.00101277	0	4.44365e-06	0	0	0	0	0	0	0	0	0	0	0	0	0	0	0	0.000341954	0	1.5077e-05	0.000657501	0	0	0	0	0	0.000657501	0	0	0	0	0.000332415	0	0	0	0	0	0	0	0	0	0	0	0	0	0	0	0	0	0	0	0	0	0	0	0	0	0	0	0	0	0	0	0	0	0	0	0	0	0	0	0	0	0	0	0	0	0	0
d1_14	0.000214701	0	4.75834e-06	1.25788e-06	3.2286e-05	1.10546e-05	1.24855e-05	0	9.69576e-07	2.46371e-05	3.85532e-05	2.31511e-06	8.34443e-06	1.82385e-05	0	0.000348513	9.68435e-06	0	9.25798e-06	0	1.05642e-05	6.74156e-06	8.00317e-06	0.00037303	0.000328786	0	0	1.8937e-06	0.0039568	0	0	0	0	0.000673637	0	0	0	6.76896e-06	0.000684627	2.33391e-06	0	0.00100409	7.20708e-07	1.77105e-06	0	0.00397576	0	0	0	0	0.000663755	0	1.33455e-05	0	0	0.000681324	0	0	0	1.15449e-05	0	0	0	0	0	0.00461772	0	0	0	0	0	0	0	0	0	0	0	0	0	0	0	0	0	0	0	0	0	0	0	0	0	0	0	0	0	0	0	0	0	0	0	0
d1_15	0.00100742	2.63599e-05	0	0.00158234	3.16167e-05	0.000251103	0.00120157	0	0.000352831	0.000350371	6.88017e-07	0.000368344	2.0372e-05	1.24373e-05	0	0	4.12812e-06	0.000669446	0	1.12786e-05	1.4151e-05	4.63295e-06	0	0	0	0	0	0	3.6227e-07	1.08754e-05	0	0	0	0	9.73808e-06	0	0	0	0	0	2.65328e-07	0	0	0	1.55906e-05	0	0	0	0	0	0	0	0	0	0	0	0	0	0	0	0	0	0	0	0	0	0	6.4429e-06	0	0	1.24431e-05	0	0	0	0	0	0	0	0	0	0	0	0	0	0	0	0	0	0	0	0	0	0	0	0	0	0	0	0	0	0	0
d1_16	9.83048e-05	0	4.81479e-07	1.9457e-07	0	2.63054e-06	1.07453e-06	2.5306e-05	2.70938e-05	4.07815e-06	0.000550792	0	2.02239e-05	0	0	0	0	3.27901e-07	0.000657814	0	0	0	0	2.69896e-05	0	0.000235564	9.7792e-06	0	0	0.000678212	0	1.39863e-06	0	0	1.14355e-06	0	2.20746e-05	0	0	0	0	0.00020934	0	0	0	0	0	0	0.00461048	0	0	0	0	0	0	0	0	0	0	0	0	0	0	0	0	0	0	0	0	0.000665564	0	0	0	0	0	0	0	0	2.10543e-05	0	0	0	0	0	0	0	0	0	0	0	0	0	0	0	0	0	0	0	0	0	0	0
d1_17	0.000140353	3.52304e-06	9.62644e-06	0.00398085	0	3.91593e-06	5.63933e-06	1.43279e-06	0.00130472	4.69429e-06	3.70579e-06	6.15488e-06	2.79379e-07	0.00493126	0	0	0	2.51462e-05	2.86692e-06	0	1.08192e-05	5.41449e-06	0	0	1.67727e-06	0	0	0	0	0.000657501	4.75657e-06	2.32314e-06	0.00495683	1.57758e-05	0.00460404	0	2.18128e-05	0.000328751	0	0.000208112	0	0	8.47419e-07	0	0	0	0	0	0	0	8.56618e-06	0	1.13282e-06	0	0	0.00022441	0	0	0.000348712	0	0	0	0	0	0	0	0	0	0	0	0	0.000328751	0.000681904	0	0	0	0	0	0	0	0	0	0	0	0	0	0	0	0	0	0	0	0	0	0	0	0	0	0	0	0	0
d1_18	0.000230456	7.34545e-06	0	0	1.15523e-05	0	1.63602e-05	0.000548068	0.00101814	1.29901e-05	0	2.35682e-05	3.29153e-06	1.18927e-06	0	2.17779e-05	0.000556673	0	2.11906e-05	0	0	0	3.09138e-05	0	0	0.00494431	0.0012049	1.17654e-05	0	0	0	0	8.08361e-06	0	0	0	0	0	0	0	0	0	0	0	0.000657501	0	0	0.00460251	0	0	0	0	0.000349636	0	0	0	0	0	0	0.000328751	0	0	0	0	0	0	0	0	0	0	0	0	0	0	0	7.58059e-06	0	0	5.46122e-06	0	0	0	0	0	0	0	0	0	0	0	0	0	0	0	0	0	0	0	0	0	0	0
d1_19	0.00109968	0	0	2.57851e-05	1.25843e-05	0	3.07964e-06	1.5788e-06	1.83685e-05	1.09409e-05	0.0013594	2.55739e-05	0.00460251	0	5.88736e-06	0	5.68131e-07	6.32651e-06	0	2.26149e-05	0	0.00461251	0	0	0	0.00460298	0.00100745	0	1.19782e-06	0	0	0	0	0	7.67492e-06	0	0	0	0	0.000986252	0	0	0	0.000663614	0	0	0.00460251	0	0.000206179	0	0	0	0	0	0	0.00397201	0	0	0.000328751	1.74193e-05	0	1.29037e-06	0	0	0	0	0	0	0	5.73181e-06	0	0	0	0	0	0	0	0	0	0	0	0	0	0	0	0	0	0	0	0	0	0	0	0	0	0	0	0	0	0	0	0
d1_20	7.20691e-05	0	0	0	0	2.73861e-05	0	0	6.0882e-06	0.00462954	1.7235e-05	0	0	2.69595e-06	0	1.53937e-05	0	0	2.03676e-05	0	0	0	7.09414e-06	0	0	0	0	0	0	1.27069e-05	0.00100216	0	9.06177e-06	0	0	0	0	4.26824e-06	0	0.000548889	2.19633e-06	0.000657501	5.12246e-06	0	0	0	3.70055e-07	0	0	0	0	0	0	6.77366e-06	0	0	0	0	8.01393e-06	0	0	0	0	0	0	0	0	2.59827e-06	0	0	0	0	0	0	0	0	0	0	0	0	0	0	0	0	0	0	0	0	0	0	0	0	0	0	0	0	0	0	0	0	0	0
d1_21	6.64404e-05	1.0144e-05	0	1.30111e-05	3.00984e-06	8.98709e-06	0	0	2.23795e-05	5.15394e-06	0	0	0	0.00495867	0	6.28458e-06	9.45192e-06	0	0.00514745	2.18338e-05	6.97264e-06	0	0.000344089	0	4.07337e-05	0	2.22604e-06	0	0.000657501	0.000668669	0	0	0	0.000220435	0	0	0	0	0.00493399	0	0	0.00493126	0	0	0	0	0	0	0	0	0	0	0	0	0	0	0	0	0	0	1.78064e-05	0	0	0	7.0589e-06	0	0	0	0	0	8.76049e-06	0	0	0	0	0	0	0	0	0	0	0	1.58755e-05	0	0	0	0	0	0	0	0	0	0	0	0	0	0	0	0	0	0	0
d1_22	9.90734e-05	0	4.92481e-06	2.39368e-06	0.000689552	2.36371e-05	4.93316e-06	0	0	0	0	6.59782e-07	0	6.6157e-06	0.000545967	1.35725e-05	0	1.01318e-05	0.00167283	0	0	8.70811e-06	0	0	0	0	0	5.87975e-07	0	0	0	0	1.72745e-05	0.000332705	0	0	0	0	0	0	0	0	0	0	0	0	0	0	0	0	0	0	0	0	0	0	0	0	0	0	0	0	0	0	0	0	0	0	0	6.06467e-06	0	0	0.000217255	0	0.00033976	0	0	0	0	0	0	0	0	0	0	0	0	0	0	0	0	0	0	0	0	0	0	0	0	0	0	0
d1_23	4.43234e-05	0	0	0	0.0013436	5.534e-06	6.64822e-06	0	0	2.1597e-06	7.98716e-07	1.91047e-05	1.2814e-05	0.00495266	0.000657501	4.77513e-06	0.000657501	0	1.57237e-06	0.000329196	1.47197e-05	8.47358e-06	0	0	0.00460251	1.25374e-05	0	3.08774e-07	0	0	0	0	1.8693e-06	0	0.00120334	8.32722e-06	0.00493268	0	0	0	0	0	0	0	0	0.00461699	0	0.000676432	0	0	0	0	0	0	0	7.35138e-06	0.000338161	0	0	1.2353e-05	0	3.82106e-06	0	0	0.000997826	0	0	0	0	0	1.60619e-06	0	0	0	0	0	0	0	0	0	0	0	0	0	0	0	0	0	0	0	0	0	0	0	0	0	0	0	0	0	0	0
d1_24	0.00467356	2.24084e-05	0	0.000372257	0	0	3.22672e-05	0	0	1.02546e-05	1.58409e-05	0	0	0	8.30775e-06	0	0	0	1.11124e-05	0.000332608	1.17706e-05	4.69387e-06	0.000526643	0	0.00133508	0	0.000328751	0	0	0	0	0	0.00067883	0.000683047	0	0	0	0.00035344	0	0	0	0	0	0	0	0	0	0	0.000658076	0	2.1916e-06	0	0	0	0	0.00460251	0	0	0	0	0	0	0	0	0	0	0	0	0	0	0	0	0	0	0	0	0	0	0	0	0	0	0	0	0	0	0	0	0	0	0	0	0	0	0	0	0	0	0	0	0	0
d1_25	1.42358e-05	0	0	5.42229e-06	2.81669e-05	7.47111e-06	0	0	0	0.00121981	1.50009e-06	0	0.000659847	0	0.000346388	8.76507e-06	8.37286e-06	0.00462155	0	0	0.000543545	1.13763e-05	5.03293e-06	0	0	0	0.000706144	0	0	0	0	0	0	0.000660833	0	0	0	0.00460251	0	0	0	1.28109e-06	0	0	0	0	0	0	0	0	0	0	0.000526001	0	0	0.00461609	0	0	0	0	0	0	0	0	0	0	0	0	0	0	0	0	0	0	0	0	0	0	0	0	0	0	0	0	0	0	0	0	0	0	0	0	0	0	0	0	0	0	0	0	0	0
d1_26	2.99949e-05	1.08789e-05	2.6838e-06	3.61032e-06	0	0	0	0	0	0	0	3.27719e-06	1.03941e-05	0	0	0	2.3618e-05	2.26777e-05	0	0	1.1689e-07	0	0	1.40987e-05	0	0	0	0.00033053	0.00121416	3.94322e-06	1.99211e-06	0	0.000332886	0	0	0	0	0	0	0	0	0	0	0	0	0	0	0	0.00396535	0.000356286	0	8.19561e-07	0	0	0	0	0	1.5427e-05	0	1.23004e-06	0	0	1.70254e-05	0	0	0	0	0	0	0	0	0	0	0	0	0	0	0	0	0	0	0	0	0	0	0	0	0	0	0	0	0	0	0	0	0	0	0	0	0	0	0
d1_27	1.94278e-05	0	0	0	0	0	7.60475e-07	0	0	0	8.70141e-06	1.02027e-06	0.000218889	1.7985e-06	1.47038e-05	0	0	0	0	8.67749e-06	0	1.90923e-05	3.15122e-06	0	0	0	0	0	0.000986252	0.000657501	0	2.29515e-06	0	0	0.00121289	0	0	0	0	0	0.000686096	0	0	0	0	0	0.000330195	0	0	0	0	0	0	0	0	0	0	0	0	0.000987789	0	0.000328751	0	0	0	0	0	0	0	0	0	0	0	0	0	0	0	0	0	0	0	0	0	0	0	0	0	0	0	0	0	0	0	0	0	0	0	0	0	0	0	0
d1_28	2.69525e-05	0	0	0	0	0	0	9.27404e-06	0	0	0	0	0	0	4.18102e-06	0	1.00618e-05	0	0.000657501	0	0	0	0	0	1.98778e-05	0	0	0	0	0.0046183	0	2.60001e-05	0	7.12861e-06	0	0	0	0	0.000986252	6.11331e-06	0	0	1.80378e-06	0.00460251	0	0	0	0	0	0	0	0.000667429	0	0	0	0	0	0.000657839	0	0.00460752	0	0	0	1.14481e-05	0	0	0	4.40416e-06	0	0	0	0	0	0	0	0	0	0	0	0	0	0	0	0	0	0	0	0	0	0	0	0	0	0	0	0	0	0	0	0	0	0
d1_29	1.75061e-05	0	8.67026e-06	2.78665e-06	0.00034508	0	0	0	0	0.00067141	0	0	2.96558e-05	0	9.89097e-06	0	0.0049471	0	0	0	0	0	0	0.00100523	0	0	0	0	0	0	0	0	0	0	0.000677487	0	0	0.000152697	0	0	0	0	3.13631e-07	0	0.00119678	0	0	1.40474e-05	0	0	0	0	0	3.93851e-06	0	0	0	0	0	0	0	0	0	0	0	0	0	0	0	0	0	0	0	0	0	0	0	0	0	0	0	0	0	0	0	0	0	0	0	0	0	0	0	0	0	0	0	0	0	0	0	0
d1_30	0.000100942	0	0	0	0	0	3.37655e-06	4.84413e-06	0.00460251	3.85685e-06	0	5.43843e-06	0	0	0	0	0	0	0	0	0	0	0	0	0	0	5.89173e-06	0.00396731	0	0	0	0	0	0	0	0	0	0	0	0	0	0.000657501	0	0	0	0.000548935	0	0	6.08994e-07	0	0	0	0	0	0	0	0	0.000667434	0	0	0	0	0	0	0	0	0	0	0	0.000357712	0	0	0	0	0	0	0	0	0	0	0	0	0	0	0	0	0	0	0	0	0	0	0	0	0	0	0	0	0	0	0	0
d1_31	2.12034e-05	0	1.39329e-05	0	0	0	0	0	0	0	0	2.78165e-05	0	0	0	0	9.19608e-06	0	6.81244e-07	0	0	0	0	8.48779e-06	0	0	0	0	0	0	0.000677842	0	0	0	6.32003e-06	3.54671e-06	0.0012021	0	0	0	3.76002e-07	0	0	0	1.31536e-06	0	0	0	1.18864e-05	7.76945e-06	0	0	0	0	0	0	0	0	0	0	0	0	0	0	0	0	0	0	0	0	0	0	0	0	0	0	0	0	0	0	0	0	0	0	0	0	0	0	0	0	0	0	0	0	0	0	0	0	0	0	0	0
d1_32	0	1.00338e-05	0	0	0	0	0	0	0	5.06563e-06	0	0	0	0	0	0	0	0	0	0	0	0	2.84178e-06	3.19704e-06	0	0	0	0	0	0	0	0	0	0.00100149	0	0.00460687	2.7008e-05	1.29351e-06	0	0.000201313	0	0	0.00460251	0	0	0	0	0	0	0.00460251	0	0.000986252	0	9.26952e-06	0	0	0	0	0	0	0.000990666	0	0	0	0	0	0	0	0	0	0	0	0	0	0	0	0	0	0	0	0	0	0	0	0	0	0	0	0	0	0	0	0	0	0	0	0	0	0	0	0	0
d1_33	3.21128e-05	0	9.92996e-06	0.000216684	0	0	4.44395e-06	0	0	0.000658261	0	0	6.66521e-07	2.17e-05	0.00169055	0	0	0	0	0	0	0	0	0	0	0	0.000674551	0	0	0	0	0	0	0.000351478	0	0	0	0	0	0	0	0	5.01772e-06	5.34607e-06	0	0	0	0	0	0	0	0	0	0	0	0	0	0	0	0	0.00121804	0	0	0	0	0	0	0	0	0	0	0	0	0	0	0	0	0	0	0	0	0	0	0	0	0	0	0	0	0	0	0	0	0	0	0	0	0	0	0	0	0
d1_34	2.00705e-06	2.77597e-06	0	0	2.4842e-05	0	0	8.84176e-06	0	0	0	0	0.000328751	9.24725e-06	0	5.03947e-07	0.000680095	0.00397632	0	1.9352e-05	0	0	0	0	0	0	0	0	0	0	0	0	0	0	0	0	0	0.000672808	0	0	0	0	0	0	0	0	0	0	4.74139e-06	0	0	0	0	0	0	0	0	0	0	0	0	0	0	0	0	0	0	0	0	0	0	0	0	0	0	0	0	0	0	0	0	0	0	0	0	0	0	0	0	0	0	0	0	0	0	0	0	0	0	0	0	0
d1_35	1.53025e-05	2.07364e-05	0	0	6.07205e-07	0.00035066	0	0	1.71948e-06	0	0	0	6.61424e-06	0	0	0	0	0.00069379	0	0	0.000660587	0	0	0	2.23839e-05	0.000657501	0	0	0	0	0	0	0	0	0	0	0	0	0	0	0	0	0	0	0	0	0	0	0	0	0	0	0	0	0	0	0	0	0	0	0	0	0	0	0	0	0	0	0	0	0	0	0	0	0	0	0	0	0	0	0	0	0	0	0	0	0	0	0	0	0	0	0	0	0	0	0	0	0	0	0	0
d1_36	0	0	0	0	0	0	0	4.06987e-06	0	0	0	0	0	0	0	0	0	0	0	0	0	0	0	0	0	0	0	0	0	0	0	0	0	0	0	0	0	0	0	0	0	0	0	0	0	0.000661638	0	0	0	0	0	0	0	0	0	0	0	0	0	0	0	0	0	0.000527118	0	0	0	0	0	0	0	0	0	0	0	0	0	0	0	0	0	0	0	0	0	0	0	0	0	0	0	0	0	0	0	0	0	0	0	0	0	0
d1_37	3.36937e-07	0	0	0	0	0	0	0	0	0	3.43349e-06	0	0	0	0	0	2.46861e-06	0	0	0	8.98667e-06	0	0	0	0	0.00494753	0	0	0	1.07183e-05	0	0	0	0	0	0	0	0	0	0	0	0	0	0	0	0	0	0	0	0	0	0	0	0	0	0	0	0	0	0	0	0	0	0	0	0	0	0	0	0	0	0	0	0	0	0	0	0	0	0	0	0	0	0	0	0	0	0	0	0	0	0	0	0	0	0	0	0	0	0	0	0
d1_38	1.98503e-06	0	0	0	0	0	0	0	0	0	0	0	0	0	2.9579e-06	0	4.60364e-06	0.00496002	0	2.2013e-06	1.00028e-05	0	0	0	0	0	0	0	0	0	0	0	0	0	0	0	0	0	0	0	0	0	0	0	0	0	0	0	0	0	0	0	0	0	0	0	0	0	4.56318e-06	0	0	0	0	0	0	0	0	0	0	0	0	0	0	0	0	0	0	0	0	0	0	0	0	0	0	0	0	0	0	0	0	0	0	0	0	0	0	0	0	0	0	0
d1_39	0	0	0	5.31677e-06	0	0	0	0	0	0	0	0	0	0	0	0	0	0	0	0.000547574	0	0	0	0	0	0	0	0	0	0	0.00526001	1.93566e-06	0	0	1.1496e-06	0	0	0	0	0	0	0.000344812	0	0.000338298	0	0	0	0	0	0	0.000657501	0	0	0	0	0	0	0	0	0	0	0	0	0	0	0	0	0	0	0	0	0	0	0	0	0	0	0	0	0	0	0	0	0	0	0	0	0	0	0	0	0	0	0	0	0	0	0	0	0	0	0
d1_40	0	0	0	0	0	0	0	0	0	1.6159e-06	0	0	0	0	0	0	0	0	0	0	0	0	0	0	0.000331177	0	0	0	0	0	0	0.000657501	0	0	0	0	0	0	0	0	0	0	0	0	0	0	0	0	0	0	0	0	0	0	0	0	0	0	0	0	0	0	0	0	0	0	0	0	0	0	0	0	0	0	0	0	0	0	0	0	0	0	0	0	0	0	0	0	0	0	0	0	0	0	0	0	0	0	0	0	0	0
d1_41	0	0	0	0	0	0	0	0	0	0	0	0.000530537	0	0	0	0	0	0	0	0	0	0	0	0	0	0	0	0	0	0	0	0	0	5.44368e-06	0	0	0	0	0	0	0	0	0	4.92625e-07	1.58488e-05	0	0	0	0	0	0	0	0	0	0	0	0	0	0	0	0	0	0	0	0	0	0	0	0	0	0	0	0	0	0	0	0	0	0	0	0	0	0	0	0	0	0	0	0	0	0	0	0	0	0	0	0	0	0	0	0	0
d1_42	8.02389e-07	0	0	0	0	0	0	0	0	0	0	0	0	0	0	0	2.96636e-06	0	0	0	0	3.75828e-07	0	0	0	0	0	0	0	0	0	0	0	0	0	0	0	0	0	0	0	0	0	0	0	0	0	0	0	0	0	0	0	0	0	0	0	0	0	0	0	0	0	0	0	0	0	0	0	0	0	0	0	0	0	0	0	0	0	0	0	0	0	0	0	0	0	0	0	0	0	0	0	0	0	0	0	0	0	0	0	0
d1_43	0	0	0	0	0	0	0	0	0	0	0	0	0	8.81181e-06	0	0	0	0	0	0	1.22996e-05	0	0	0	0	0	0	0	0	0	0	0	0	0	0	0	0.000986252	0	0	0	0	0	0	0	0	0	0	0	0	0	0	0	0.000340884	0	0	0	0	0	0	0	0	0	0	0	0	0	0	0	0	0	0	0	0	0	0	0	0	0	0	0	0	0	0	0	0	0	0	0	0	0	0	0	0	0	0	0	0	0	0	0	0	0
d1_44	0	0	0	0	0	0	1.30099e-05	0	0.00033129	0	0	0	0	0	0	0	8.00152e-06	0	0	0	0	1.86498e-05	0.0046231	0	0	0	0	0	0	0	4.55043e-06	0	0	0	0	0	0	0	0	0	0	0	0	0	0	0	0	0	0	0	0	0	0	0	0	0	0	0	0	0	0	0	0	0	0	0	0	0	0	0	0	0	0	0	0	0	0	0	0	0	0	0	0	0	0	0	0	0	0	0	0	0	0	0	0	0	0	0	0	0	0	0
d1_45	0	0	0	0	0	0	0	0	0	0	0	0.000657501	0	0	0	0	0	0	0	0	0	7.62329e-06	0	0	0	0	0	0	0	0	0	0	0	0	0	0	0	0	0	0	0	0	0	0	0	0	0	0	0	0	0	0	0	0	0	0	0	0	0	0	0	0	0	0	0	0	0	0	0	0	0	0	0	0	0	0	0	0	0	0	0	0	0	0	0	0	0	0	0	0	0	0	0	0	0	0	0	0	0	0	0	0
d1_46	0	0	0	0	0	0	0	0	0	0	0	0	0	0	0	0	0	0	0	0	0	0	0.00463702	0	0	0.000663642	0	0	0	0	0	0	0	0	0	0	0	0	0	0	0	0	0	0	0	0	0	0	0	0	0	0	0	0	0	0	0	0	0	0	0	0	0	0	0	0	0	0	0	0	0	0	0	0	0	0	0	0	0	0	0	0	0	0	0	0	0	0	0	0	0	0	0	0	0	0	0	0	0	0	0	0
d1_47	0	0	0	0	0	0	0	0	0	0	0	0	0	0	0	0	0	0	0	0	0	0	0	0	0	0	0	0	0	0	0	0	0	0	0	0	0	0	0	0	0	0	0	0	0	0	0	0	0	0	0	0	0	0	0	0	0	0	0	0	0	0	0	0	0	0	0	0	0	0	0	0	0	0	0	0	0	0	0	0	0	0	0	0	0	0	0	0	0	0	0	0	0	0	0	0	0	0	0	0	0	0
d1_48	0	0	0	0	0	0	0	0	0	4.66432e-06	0	0.00464405	0	0	0	0	0	0	0	0	0	0	0	0	0	0	0	0	0	0	0	0	0	0	0	0	0	0	0	0	0	0	0	0	0	0	0	0	0	0	0	0	0	0	0	0	0	0	0	0	0	0	0	0	0	0	0	0	0	0	0	0	0	0	0	0	0	0	0	0	0	0	0	0	0	0	0	0	0	0	0	0	0	0	0	0	0	0	0	0	0	0
d1_49	0	0	0	0	0	0	0	0	0	0	0	0	0	0	0	0	0	0	0	0	0	0	0	0	0	0	0	0	0.000992065	0	0	0	0	0	0	0	0	0	0	0	0	0	0	0	0	0	0	0	0	0	0	0	0	0	0	0	0	0	0	0	0	0	0	0	0	0	0	0	0	0	0	0	0	0	0	0	0	0	0	0	0	0	0	0	0	0	0	0	0	0	0	0	0	0	0	0	0	0	0	0	0	0
d1_50	0	0	0	0	0	0	0	0	0	0	0	0	0	0	0	0	0	0	0	0	0	0	0	0	0	0	0	0	0	0	0	0	0	0	0	0	0	0	0	0	0	0	0	0	0	0	0	0	0	0	0	0	0	0	0	0	0	0	0	0	0	0	0	0	0	0	0	0	0	0	0	0	0	0	0	0	0	0	0	0	0	0	0	0	0	0	0	0	0	0	0	0	0	0	0	0	0	0	0	0	0	0
d1_51	0	0	0	0	0	0	0	0	0	0	0	0	0	0	0	0	0	0	0	0	0	0	0	0	0	0	0	0	0	0	0	0	0	0	0	0	0	0	0	0	0	0	0	0	0	0	0	0	0	0	0	0	0	0	0	0	0	0	0	0	0	0	0	0	0	0	0	0	0	0	0	0	0	0	0	0	0	0	0	0	0	0	0	0	0	0	0	0	0	0	0	0	0	0	0	0	0	0	0	0	0	0
d1_52	0	0	0	0	0	0	0	0	0	0	0	0	0	0	0	0	0	0	0	0	0	0	0	0	0	0	0	0	0	0	0	0	0	0	0	0	0	0	0	0	0	0	0	0	0	0	0	0	0	0	0	0	0	0	0	0	0	0	0	0	0	0	0	0	0	0	0	0	0	0	0	0	0	0	0	0	0	0	0	0	0	0	0	0	0	0	0	0	0	0	0	0	0	0	0	0	0	0	0	0	0	0
d1_53	0	0	0	0	0	0	0	0	0	0	0	0	0	0	0	0	0	0	0	0	0	0	0	0	0	0	0	0	0	0	0	0	0	0	0	0	0	0	0	0	0	0	0	0	0	0	0	0	0	0	0	0	0	0	0	0	0	0	0	0	0	0	0	0	0	0	0	0	0	0	0	0	0	0	0	0	0	0	0	0	0	0	0	0	0	0	0	0	0	0	0	0	0	0	0	0	0	0	0	0	0	0
d1_54	0	0	0	0	0	0	0	0	0	0	0	0	0	0	0	0	0	0	0	0	0	0	0	0	0	0	0	0	0	0	0	0	0	0	0	0	0	0	0	0	0	0	0	0	0	0	0	0	0	0	0	0	0	0	0	0	0	0	0	0	0	0	0	0	0	0	0	0	0	0	0	0	0	0	0	0	0	0	0	0	0	0	0	0	0	0	0	0	0	0	0	0	0	0	0	0	0	0	0	0	0	0
d1_55	0	0	0	0	0	0	0	0	0	0	0	0	0	0	0	0	0	0	0	0	0	0	0	0	0	0	0	0	0	0	0	0	0	0	0	0	0	0	0	0	0	0	0	0	0	0	0	0	0	0	0	0	0	0	0	0	0	0	0	0	0	0	0	0	0	0	0	0	0	0	0	0	0	0	0	0	0	0	0	0	0	0	0	0	0	0	0	0	0	0	0	0	0	0	0	0	0	0	0	0	0	0
d1_56	0	0	0	0	0	0	0	0	0	0	0	0	0	0	0	0	0	0	0	0	0	0	0	0	0	0	0	0	0	0	0	0	0	0	0	0	0	0	0	0	0	0	0	0	0	0	0	0	0	0	0	0	0	0	0	0	0	0	0	0	0	0	0	0	0	0	0	0	0	0	0	0	0	0	0	0	0	0	0	0	0	0	0	0	0	0	0	0	0	0	0	0	0	0	0	0	0	0	0	0	0	0
d1_57	0	0	0	0	0	0	0	0	0	0	0	0	0	0	0	0	0	0	0	0	0	0	0	0	0	0	0	0	0	0	0	0	0	0	0	0	0	0	0	0	0	0	0	0	0	0	0	0	0	0	0	0	0	0	0	0	0	0	0	0	0	0	0	0	0	0	0	0	0	0	0	0	0	0	0	0	0	0	0	0	0	0	0	0	0	0	0	0	0	0	0	0	0	0	0	0	0	0	0	0	0	0
d1_58	0	0	0	0	0	0	0	0	0	0	0	0	0	0	0	0	0	0	0	0	0	0	0	0	0	0	0	0	0	0	0	0	0	0	0	0	0	0	0	0	0	0	0	0	0	0	0	0	0	0	0	0	0	0	0	0	0	0	0	0	0	0	0	0	0	0	0	0	0	0	0	0	0	0	0	0	0	0	0	0	0	0	0	0	0	0	0	0	0	0	0	0	0	0	0	0	0	0	0	0	0	0
d1_59	0	0	0	0	0	0	0	0	0	0	0	0	0	0	0	0	0	0	0	0	0	0	0	0	0	0	0	0	0	0	0	0	0	0	0	0	0	0	0	0	0	0	0	0	0	0	0	0	0	0	0	0	0	0	0	0	0	0	0	0	0	0	0	0	0	0	0	0	0	0	0	0	0	0	0	0	0	0	0	0	0	0	0	0	0	0	0	0	0	0	0	0	0	0	0	0	0	0	0	0	0	0
d1_60	0	0	0	0	0	0	0	0	0	0	0	0	0	0	0	0	0	0	0	0	0	0	0	0	0	0	0	0	0	0	0	0	0	0	0	0	0	0	0	0	0	0	0	0	0	0	0	0	0	0	0	0	0	0	0	0	0	0	0	0	0	0	0	0	0	0	0	0	0	0	0	0	0	0	0	0	0	0	0	0	0	0	0	0	0	0	0	0	0	0	0	0	0	0	0	0	0	0	0	0	0	0
d1_61	0	0	0	0	0	0	0	0	0	0	0	0	0	0	0	0	0	0	0	0	0	0	0	0	0	0	0	0	0	0	0	0	0	0	0	0	0	0	0	0	0	0	0	0	0	0	0	0	0	0	0	0	0	0	0	0	0	0	0	0	0	0	0	0	0	0	0	0	0	0	0	0	0	0	0	0	0	0	0	0	0	0	0	0	0	0	0	0	0	0	0	0	0	0	0	0	0	0	0	0	0	0
d1_62	0	0	0	0	0	0	0	0	0	0	0	0	0	0	0	0	0	0	0	0	0	0	0	0	0	0	0	0	0	0	0	0	0	0	0	0	0	0	0	0	0	0	0	0	0	0	0	0	0	0	0	0	0	0	0	0	0	0	0	0	0	0	0	0	0	0	0	0	0	0	0	0	0	0	0	0	0	0	0	0	0	0	0	0	0	0	0	0	0	0	0	0	0	0	0	0	0	0	0	0	0	0
